	11314340	24889392	11409972	11338033	10184653	5287969	6450551	11364421	9926054	16007391	5328940	11234052	11656518	6918454	156414	9933475	11626560	3062316	156422	44150621	176167	176870	42642645	11717001	16725726	11617559	123631	5291	4908365	11427553	208908	126565	11485656	9929127	11712649	10074640	51004351	11667893	9915743	644241	447077	10461815	9884685	24180719	25243800	10113978	17755052	11984591	153999	25127112	176155	24779724	3025986	10138260	10127622	216239	44259	5329102	16038120	10427712	16722836	3038522	9926791	5494449	3038525	3081361	9809715	151194
T1	1	0	0	0	0	1	1	1	0	1	1	0	0	0	0	0	1	0	0	1	1	1	0	0	0	0	0	0	1	1	0	1	0	0	0	0	1	0	0	0	0	1	0	0	1	1	1	1	1	1	0	0	0	1	0	0	1	1	1	1	1	0	0	1	0	0	1	0
T2	0	0	1	0	1	1	1	1	0	1	1	1	0	0	1	1	1	1	0	1	0	1	1	0	0	0	1	1	1	1	0	1	0	0	1	1	0	0	0	1	1	1	0	1	1	1	0	1	0	1	0	0	0	1	0	1	1	1	1	0	1	0	0	1	0	1	1	0
T3	0	0	1	0	1	0	1	0	0	1	1	0	1	0	1	1	1	1	1	0	0	1	1	0	0	0	0	1	1	1	0	0	0	0	0	1	0	1	0	1	1	0	0	1	0	0	0	0	0	0	0	0	0	1	0	1	1	1	1	0	1	0	0	1	0	1	1	0
T4	0	0	1	0	1	1	1	0	0	1	1	0	0	0	1	1	1	1	0	1	0	1	1	0	0	0	1	1	1	1	0	1	0	0	0	1	0	0	0	1	1	0	0	1	1	0	0	0	0	0	0	0	0	1	0	1	1	1	1	0	1	0	0	1	0	1	1	0
T5	0	0	1	0	1	1	1	0	0	1	1	1	1	0	1	1	1	1	1	1	0	1	1	0	0	0	1	1	1	1	0	1	0	0	0	1	0	1	0	1	1	0	0	1	0	1	0	0	0	1	0	0	0	1	0	1	1	1	1	0	1	0	0	1	0	1	1	0
T6	0	0	1	0	1	1	1	1	0	1	1	1	0	0	1	1	1	1	0	1	0	1	1	0	0	0	1	1	1	1	0	1	0	0	0	1	0	1	0	1	1	1	0	1	1	1	0	0	0	1	0	0	0	1	0	1	1	1	1	1	1	0	0	1	0	1	1	0
T7	0	0	1	0	1	1	1	1	0	1	1	1	1	0	1	1	1	1	1	1	0	1	1	1	0	0	1	1	1	1	0	1	0	0	1	1	1	1	0	1	1	0	0	1	1	1	0	1	0	1	1	1	0	1	0	1	1	1	1	1	1	0	1	1	0	1	1	0
T8	0	0	1	0	1	1	1	1	0	0	1	1	1	0	1	1	1	1	0	1	0	1	1	0	0	0	1	1	1	1	0	1	0	0	1	1	1	0	0	1	1	1	0	1	1	1	0	1	0	0	1	0	0	1	0	1	1	1	1	1	1	0	1	1	0	1	1	0
T9	0	0	1	0	1	1	1	0	0	1	1	1	1	0	1	1	1	1	0	1	0	1	1	0	0	0	1	1	1	1	0	1	0	0	1	1	0	0	0	1	1	1	0	1	1	1	0	1	0	1	0	0	0	1	0	1	1	1	1	0	1	0	0	1	0	1	1	0
T10	0	0	1	0	1	1	1	0	0	1	1	1	1	0	1	1	1	1	1	1	0	1	1	0	0	0	1	1	1	1	0	1	0	0	1	1	0	1	1	1	1	0	0	1	1	1	0	1	0	1	0	0	0	1	0	1	1	1	1	0	1	0	0	1	0	1	1	0
T11	0	0	1	0	1	1	1	0	0	1	1	1	1	0	1	1	1	1	0	1	0	1	1	0	0	0	1	1	1	1	0	1	0	0	1	1	0	0	1	1	1	1	0	1	1	1	0	1	0	1	0	0	0	1	0	1	1	1	1	0	1	0	0	1	0	1	1	0
T12	0	1	1	0	1	0	1	0	0	1	1	1	1	0	1	1	1	1	1	1	0	1	1	0	0	0	0	0	1	1	0	1	1	0	1	0	1	0	0	1	1	1	0	0	1	1	0	1	0	0	0	0	0	1	0	1	1	1	1	1	1	0	0	1	0	1	1	0
T13	0	0	1	0	1	0	1	0	0	1	1	1	0	0	1	1	1	1	1	1	0	1	1	0	0	0	0	0	1	1	0	1	0	0	1	0	1	0	0	0	1	1	0	0	1	1	0	1	0	0	0	0	0	1	0	1	1	1	1	1	1	0	1	1	0	1	1	0
T14	0	0	1	0	1	1	1	0	0	1	1	1	1	0	1	1	1	1	1	1	0	1	1	0	0	0	1	1	1	1	0	1	0	0	1	1	0	1	0	1	1	1	0	1	1	1	0	1	0	0	0	0	0	1	0	1	1	1	1	0	1	0	0	1	0	1	1	0
T15	0	0	1	0	1	1	1	0	0	1	1	1	1	0	1	1	1	1	1	1	0	1	1	0	0	0	1	1	1	1	0	1	0	0	1	1	0	1	0	1	1	1	0	1	1	1	0	1	0	1	0	0	0	1	0	1	1	1	1	0	1	0	0	1	0	1	1	0
T16	0	0	1	0	1	1	1	1	0	1	1	1	1	0	1	1	1	1	0	1	0	1	1	0	0	0	1	1	1	1	0	1	0	0	1	1	0	1	0	1	1	1	0	1	1	1	0	1	0	0	0	0	0	1	0	1	1	1	1	0	1	0	0	1	0	1	1	0
T17	0	0	1	0	0	0	1	0	0	0	1	1	1	0	1	1	1	1	1	0	0	1	1	0	0	0	1	1	1	1	0	1	0	0	1	1	0	1	0	1	1	1	0	1	1	1	0	1	0	0	0	0	0	0	0	1	1	1	1	0	1	0	0	1	1	1	1	0
T18	0	0	0	0	0	1	0	0	0	0	0	0	0	0	1	1	1	1	0	0	0	0	0	0	0	0	0	0	1	1	0	1	0	0	0	0	0	0	0	0	1	0	0	0	1	0	0	1	0	0	0	0	0	0	0	0	1	0	1	0	1	1	0	1	0	1	1	0
T19	0	0	0	0	0	0	0	0	0	0	0	0	0	0	0	1	1	1	0	0	0	0	0	1	0	0	0	0	1	0	0	1	0	0	0	0	0	0	0	0	1	0	0	0	1	0	0	1	0	0	1	0	0	0	0	0	1	0	1	0	1	0	0	0	0	0	1	0
T20	0	0	0	0	0	1	0	0	0	0	0	0	0	0	0	0	0	1	0	0	0	0	0	0	0	0	0	0	0	1	0	1	0	0	0	0	0	0	0	0	1	0	0	0	1	0	0	0	0	0	0	0	0	0	0	0	1	0	1	0	0	0	0	0	0	0	0	0
T21	0	0	1	0	0	1	1	0	0	0	0	0	0	0	0	0	0	1	0	0	0	0	0	0	0	0	0	0	0	1	0	1	0	0	0	0	0	0	0	0	1	0	0	1	1	1	0	0	0	0	0	0	0	0	0	0	1	0	1	0	0	0	0	0	0	0	0	0
T22	0	0	0	0	0	1	0	0	0	0	0	0	0	0	0	0	0	1	0	0	0	0	0	0	0	0	0	0	1	0	0	1	0	0	0	0	0	0	0	0	1	0	0	0	1	0	0	0	0	0	0	0	0	0	0	0	0	0	1	0	1	0	0	1	0	1	1	0
T23	0	0	0	0	0	0	0	0	0	0	0	0	0	0	1	0	0	1	0	0	0	1	0	0	0	0	0	0	0	0	0	0	0	0	0	0	0	0	0	0	1	0	0	0	1	0	0	1	0	0	0	0	0	0	0	0	0	0	1	1	1	0	0	0	0	1	0	0
T24	0	0	0	0	0	0	0	0	0	0	0	0	0	0	1	0	1	0	0	0	0	1	0	0	0	0	0	0	0	0	0	0	0	0	0	0	0	0	0	0	1	0	0	0	1	0	0	1	0	0	1	0	1	0	0	0	0	0	1	1	1	0	0	0	0	1	0	0
T25	1	0	0	0	0	0	0	0	0	0	0	0	0	0	0	0	0	0	0	0	0	0	0	0	1	0	0	0	0	0	0	1	0	0	0	0	1	0	0	0	0	0	0	0	0	0	0	0	0	0	0	0	0	0	0	0	1	0	0	0	0	0	0	0	0	0	0	0
T26	1	0	0	0	0	0	0	0	0	0	0	0	0	0	0	0	0	0	0	0	0	0	0	0	1	0	0	0	0	0	0	1	0	0	0	0	1	0	0	0	0	0	0	0	0	0	0	0	1	0	0	0	0	0	0	0	1	1	0	0	0	0	0	0	0	0	0	0
T27	1	0	0	0	0	0	0	0	0	0	0	0	0	0	0	0	0	0	0	0	1	0	0	0	1	0	0	0	0	0	0	1	0	0	0	0	1	0	0	0	0	0	0	0	1	0	0	0	1	0	0	0	0	0	0	0	1	0	0	0	0	0	0	0	0	0	0	0
T28	0	0	1	0	0	1	0	1	0	0	1	0	0	0	1	1	1	0	0	1	0	1	1	0	0	0	0	0	1	1	0	1	1	0	0	0	1	0	0	0	0	1	0	0	1	1	0	1	0	1	0	0	0	1	0	0	1	1	1	0	1	0	0	1	0	1	1	0
T29	0	0	1	0	0	0	0	0	0	0	1	0	1	0	0	0	1	0	0	1	0	0	1	0	0	0	0	0	1	1	0	1	0	0	0	0	1	0	0	0	0	1	0	0	0	0	0	1	0	0	0	0	1	1	0	0	1	1	1	0	1	0	0	1	0	1	1	0
T30	0	0	0	0	0	0	0	0	0	0	0	0	0	0	0	0	0	0	0	1	1	0	1	0	0	0	0	0	1	1	0	1	0	0	0	0	1	0	0	0	0	1	0	0	0	0	0	1	0	0	0	0	0	1	0	0	1	1	1	0	1	0	0	1	0	0	1	0
T31	0	0	1	0	0	0	1	0	0	1	1	0	0	0	0	0	1	0	1	1	0	0	1	0	0	0	0	0	1	1	0	1	0	0	0	0	0	0	0	0	0	0	0	0	1	0	0	1	0	1	0	0	0	1	0	0	1	1	1	0	1	0	0	1	0	0	0	0
T32	0	0	0	0	0	0	0	0	0	0	1	0	0	0	0	0	0	0	0	1	0	0	0	0	1	0	0	0	1	0	0	1	0	0	0	0	1	0	1	0	0	1	0	0	0	0	0	1	1	0	0	0	0	1	0	0	1	1	1	0	1	0	0	1	0	0	1	0
T33	0	0	0	0	0	0	0	0	0	0	0	0	0	0	0	0	0	0	0	0	0	0	0	0	0	0	0	0	0	0	0	1	0	0	0	0	0	0	0	0	0	0	0	0	0	0	0	0	0	0	0	0	0	0	0	0	1	0	0	0	0	0	0	0	0	0	0	0
T34	0	0	1	0	0	0	0	0	0	0	0	0	0	0	0	0	0	0	0	0	0	0	0	0	0	0	0	0	1	0	0	1	0	0	0	0	0	0	0	0	0	0	0	0	0	0	0	0	0	0	0	0	0	0	0	0	1	0	1	0	0	0	0	0	0	0	0	0
T35	0	0	0	0	0	0	1	0	0	1	0	0	0	0	0	0	1	1	0	0	0	1	1	0	0	0	0	0	0	1	0	1	1	0	1	0	1	0	0	0	0	0	0	0	0	1	0	1	0	0	0	0	1	0	0	0	1	1	1	0	1	0	0	1	0	0	0	0
T36	0	0	1	0	0	0	1	0	0	1	0	0	0	0	1	1	1	0	0	1	0	1	1	0	0	0	0	0	1	1	0	1	1	0	1	0	1	0	0	0	0	1	0	1	0	0	0	1	0	0	0	0	0	1	0	1	1	1	1	0	1	1	0	1	0	0	1	0
T37	1	0	1	0	0	0	1	0	0	1	0	0	0	1	1	1	1	0	0	1	0	1	1	0	0	0	0	0	1	1	0	1	1	0	1	0	1	1	0	0	1	1	0	1	0	1	0	1	0	1	0	0	1	1	0	1	1	1	1	0	1	1	0	1	0	1	1	0
T38	0	0	1	0	1	1	1	0	0	1	1	0	0	0	1	1	1	0	0	1	1	1	1	0	0	0	1	0	1	1	0	1	1	0	1	0	1	0	1	0	0	1	0	0	1	0	0	1	0	0	0	0	0	1	0	1	1	1	1	0	1	1	0	1	0	1	1	0
T39	1	0	0	0	0	0	1	0	0	0	1	0	0	0	1	0	1	0	0	1	1	1	0	0	0	0	0	0	1	1	0	1	0	0	0	0	1	0	0	0	0	1	0	0	1	1	0	1	1	1	0	0	0	1	0	0	1	1	1	1	1	0	1	1	0	0	1	0
T40	0	0	1	0	1	0	1	0	0	1	1	1	1	0	1	1	1	1	1	1	0	1	1	0	0	0	1	1	1	1	0	1	0	0	1	1	1	1	1	1	1	1	0	1	1	1	0	1	0	0	0	0	0	1	0	0	1	1	1	0	1	0	0	1	1	1	1	0
T41	0	0	0	0	0	0	0	0	0	0	0	0	0	0	0	0	0	1	0	0	0	0	0	0	0	0	0	0	0	1	0	1	0	0	0	0	0	0	0	0	1	0	0	0	1	0	0	0	0	0	0	0	0	0	0	0	1	0	1	0	0	0	0	0	0	0	0	0
T42	0	0	0	0	0	1	1	0	0	0	0	0	0	0	1	0	1	1	0	0	0	0	0	1	0	0	0	0	1	1	0	1	1	0	0	0	0	0	0	0	1	0	0	1	1	1	0	1	0	1	1	0	0	1	0	0	1	1	1	0	1	0	0	1	0	1	0	0
T43	0	0	0	0	0	0	0	0	0	0	1	0	0	0	0	0	0	0	0	1	0	0	0	0	0	0	0	0	1	1	0	1	1	0	0	0	0	0	0	0	0	1	0	0	1	0	0	0	0	1	0	0	0	1	0	0	1	1	1	0	1	0	0	1	0	0	1	0
T44	0	0	1	0	0	0	0	0	0	0	1	0	0	0	1	0	1	1	0	0	0	0	1	0	0	0	0	0	1	1	0	1	0	0	1	0	0	0	0	0	1	0	0	0	1	0	0	1	0	0	0	0	0	0	0	0	1	0	1	0	1	0	0	1	0	0	0	0
T45	0	0	1	0	0	0	0	0	0	0	0	0	1	0	0	0	0	1	1	0	0	0	1	1	0	0	0	0	0	0	0	0	0	0	0	0	0	1	0	1	1	0	1	1	1	1	0	1	0	1	1	0	1	0	0	1	0	0	0	1	1	0	0	0	0	0	0	0
T46	0	0	1	0	0	0	0	0	0	0	0	0	1	0	0	0	0	1	0	0	0	0	1	1	0	0	0	1	0	0	0	0	0	0	0	1	0	1	0	1	1	0	1	1	1	1	0	1	0	1	1	0	1	0	0	1	0	0	0	1	1	0	0	0	0	0	0	0
T47	0	0	0	0	0	0	0	0	0	0	0	0	1	0	1	1	0	1	0	0	0	0	1	0	0	0	0	0	0	0	0	1	0	0	0	0	0	1	0	0	1	0	0	1	1	1	0	1	0	0	1	0	0	0	0	0	1	1	1	1	1	0	0	0	0	1	0	1
T48	0	0	0	0	0	0	0	0	0	0	0	0	0	0	0	0	0	0	0	0	0	0	0	0	0	0	0	0	0	1	0	1	0	0	0	0	1	0	0	0	1	0	0	0	1	0	0	0	0	0	0	0	0	1	0	0	1	1	1	1	0	0	0	1	0	0	0	0
T49	0	0	0	0	0	0	0	0	0	0	0	0	0	0	0	0	0	0	0	0	0	0	0	0	0	0	0	0	0	1	0	1	0	0	0	0	1	0	0	0	1	0	0	0	1	0	0	0	0	0	0	0	1	1	0	0	1	1	1	1	0	0	0	0	0	0	0	0
T50	0	0	0	0	0	0	0	0	0	1	1	0	0	0	1	1	1	1	0	0	0	0	1	0	0	0	0	0	1	1	0	1	0	0	1	0	0	0	1	0	1	0	0	0	1	0	0	1	0	0	0	0	0	1	0	0	1	1	1	0	1	0	0	1	0	1	1	0
T51	0	0	1	0	0	0	0	0	0	0	0	0	0	0	0	0	0	0	0	0	0	0	1	0	0	0	0	0	0	1	0	1	0	0	0	0	1	0	0	0	0	1	0	1	0	1	1	1	0	1	0	0	0	1	0	0	1	1	1	0	1	0	1	1	0	0	1	0
T52	1	0	1	0	0	0	0	1	0	0	1	0	0	0	0	0	0	0	0	0	0	0	1	0	1	0	0	0	1	1	0	1	0	0	0	0	1	0	1	0	0	1	0	0	1	0	0	1	1	1	0	0	0	1	0	0	1	1	1	0	1	0	1	1	0	0	1	0
T53	0	0	0	0	0	0	0	0	0	0	0	0	0	0	0	0	0	0	0	0	0	0	0	0	0	0	0	0	1	1	0	1	0	0	0	0	1	0	0	0	0	0	0	0	0	1	1	1	0	1	0	0	0	1	0	0	1	1	1	0	1	0	0	1	0	0	1	0
T54	1	0	0	0	0	1	0	1	0	0	1	0	0	1	0	0	0	0	0	0	0	0	0	0	0	0	0	0	0	1	0	1	0	0	0	0	1	0	0	0	0	1	0	0	1	0	0	1	1	1	0	0	0	1	0	0	1	1	1	0	1	0	1	0	0	0	1	0
T55	1	0	0	0	0	1	0	1	0	0	0	0	0	0	0	0	0	0	0	0	0	0	0	0	0	0	0	0	0	0	0	1	0	0	0	0	1	0	0	0	0	0	0	0	0	0	0	0	0	1	0	0	0	1	0	0	1	1	1	0	1	0	0	0	0	0	0	0
T56	1	0	0	0	0	1	0	1	0	0	0	0	0	0	0	0	0	0	0	0	1	1	0	0	0	0	0	0	0	0	0	1	0	0	0	0	1	0	0	0	0	1	0	0	0	0	0	1	1	1	0	0	0	1	0	0	1	1	1	0	1	0	1	0	0	0	0	0
T57	1	0	0	0	0	1	0	1	0	0	1	0	0	0	0	0	0	0	0	0	0	0	0	0	0	0	0	0	0	0	0	1	0	0	0	0	1	0	0	0	0	1	0	0	0	0	0	1	1	1	0	0	0	1	0	0	1	1	1	0	1	0	0	0	0	0	0	0
T58	1	0	1	0	0	1	0	0	0	0	0	0	0	0	0	0	0	0	0	0	0	0	0	0	1	0	0	0	0	0	0	1	0	0	0	0	0	0	0	0	0	0	0	0	0	0	0	0	0	0	0	0	0	1	0	0	1	1	1	0	0	0	0	0	0	0	1	0
T59	1	0	1	0	0	1	1	1	0	0	0	0	0	0	0	0	0	0	0	1	0	0	1	0	0	0	0	0	1	1	0	1	0	0	0	0	1	0	0	0	0	1	0	0	0	0	0	0	1	0	0	0	0	1	0	0	1	1	1	0	1	0	0	1	0	0	1	0
T60	1	0	1	1	0	1	1	1	0	0	1	0	0	0	0	0	1	0	0	0	1	0	1	0	0	0	0	0	0	1	0	1	0	0	0	0	1	0	0	0	0	1	0	0	1	0	0	0	1	0	0	0	0	1	0	0	1	1	1	0	1	0	0	0	0	0	1	0
T61	0	0	0	1	0	0	0	0	0	0	1	0	0	0	0	0	1	0	0	0	0	0	0	0	0	0	0	0	0	0	0	1	0	0	0	0	0	0	0	0	0	1	0	0	1	0	0	0	0	1	0	0	1	0	0	0	1	0	1	0	1	0	0	0	0	0	0	0
T62	0	0	1	1	0	0	0	0	1	1	0	0	0	0	0	0	1	0	0	0	0	0	1	0	0	0	0	0	0	0	0	0	1	0	0	0	0	0	0	0	0	0	0	0	0	1	0	0	0	0	0	0	1	0	0	0	0	0	0	0	0	0	0	1	0	0	0	0
T63	0	0	1	1	0	0	0	0	1	1	0	0	0	0	0	0	1	0	0	0	0	0	1	0	0	0	0	0	0	0	0	0	1	0	0	0	0	0	0	0	0	0	0	0	0	1	0	0	0	0	0	0	1	0	0	0	0	0	0	0	0	0	0	1	0	0	0	0
T64	1	0	1	1	0	1	0	0	1	1	0	0	0	0	0	0	0	0	1	0	0	0	1	0	0	0	0	0	0	0	0	1	1	0	0	0	0	0	0	0	0	0	0	0	0	0	0	0	0	0	0	0	1	0	0	0	1	0	0	0	0	0	0	0	0	0	0	0
T65	1	0	1	1	0	1	0	0	0	0	0	0	1	0	0	0	0	0	1	0	0	0	1	0	0	0	0	1	0	0	0	0	1	0	0	0	1	0	0	0	0	0	0	1	1	0	0	0	0	0	0	0	1	0	0	1	1	0	0	0	0	0	0	0	0	0	0	1
T66	0	0	1	1	0	1	0	0	0	0	0	0	0	0	0	0	0	0	0	0	1	0	0	0	0	0	0	0	0	0	0	1	0	0	0	0	0	0	0	0	0	0	0	0	0	0	0	0	0	0	0	0	1	0	0	1	1	0	1	0	0	0	0	0	0	0	1	0
T67	1	0	1	1	0	1	0	0	0	0	0	0	0	0	0	0	0	0	0	0	1	0	0	0	0	0	0	0	0	0	0	1	0	0	0	0	0	0	0	0	0	0	0	0	0	0	0	0	0	0	0	0	1	0	0	1	1	0	0	0	0	0	0	0	0	0	0	0
T68	0	0	1	1	0	1	0	0	0	0	0	0	0	0	0	0	0	0	0	1	0	0	0	0	0	0	0	0	1	1	0	1	0	0	0	0	0	0	0	0	0	1	0	0	1	0	0	0	1	0	0	0	1	1	0	0	1	1	1	0	1	0	0	0	0	0	1	0
T69	0	0	1	1	0	1	0	1	0	0	0	0	0	0	0	0	0	0	0	1	0	0	0	0	0	0	0	0	0	1	0	1	0	0	0	0	0	0	0	0	0	1	0	0	1	0	0	0	1	0	0	0	1	1	0	0	1	1	1	0	1	0	0	0	0	0	1	0
T70	0	0	1	1	0	1	0	0	0	0	0	0	0	0	0	0	0	0	1	0	0	0	0	0	0	0	0	0	0	0	0	1	0	0	0	0	0	0	0	0	0	0	0	0	0	0	0	0	0	0	0	0	1	0	0	1	1	1	1	0	0	0	0	0	0	0	0	0
T71	1	0	1	1	0	1	0	1	1	1	1	0	0	0	0	0	1	0	1	1	1	0	1	0	0	0	1	0	0	1	0	1	1	0	0	0	0	0	1	0	0	1	1	0	1	0	0	1	1	1	0	0	1	1	0	1	1	1	1	0	1	1	0	0	0	1	1	0
T72	1	0	1	0	0	1	0	0	0	0	0	0	0	0	0	0	0	0	1	0	0	0	1	0	0	0	0	0	0	0	0	1	1	0	0	0	0	0	0	0	0	0	0	1	1	0	0	0	0	0	0	0	1	0	0	1	1	0	0	0	0	0	0	0	0	0	0	1
T73	1	0	1	1	0	1	0	0	1	0	0	0	0	0	0	0	0	0	0	0	1	0	1	0	0	0	0	0	0	0	0	1	1	0	0	0	0	0	0	0	0	1	0	0	0	0	0	0	0	0	0	0	1	0	0	0	1	0	0	0	1	0	0	0	0	0	0	0
T74	0	0	1	0	0	0	0	0	0	0	0	0	0	0	0	0	0	0	0	0	0	0	0	0	0	0	0	0	0	0	0	1	0	0	0	0	0	0	0	0	0	0	0	0	0	0	0	1	0	0	0	0	0	0	0	0	1	0	0	0	0	0	0	0	0	0	0	0
T75	1	0	1	1	0	0	1	0	0	1	0	0	0	0	0	0	1	0	0	1	1	0	1	0	0	0	0	0	0	1	0	1	0	0	0	0	0	0	0	0	0	1	0	0	0	0	0	1	0	0	0	0	1	1	0	1	1	1	0	0	1	1	0	1	0	0	1	0
T76	1	0	1	0	0	0	0	0	0	0	0	0	0	0	0	0	0	0	0	0	0	0	1	0	0	0	0	0	0	0	0	1	0	0	0	0	0	0	0	0	0	0	0	0	0	0	0	0	0	0	0	0	1	0	0	1	1	0	0	0	0	0	0	1	0	0	0	0
T77	1	0	1	1	0	1	0	0	0	0	0	0	0	0	0	0	0	0	0	0	0	0	1	0	0	0	0	0	0	0	0	1	0	0	0	0	0	0	0	0	0	0	0	0	0	0	0	0	1	0	0	0	1	0	0	0	1	0	0	0	1	0	0	1	0	0	0	0
T78	0	0	0	0	0	0	0	0	0	0	1	0	0	0	0	0	0	0	0	1	0	0	0	0	0	0	0	0	1	1	0	1	0	0	0	0	1	0	1	0	0	0	0	0	0	0	0	1	1	0	0	0	0	1	0	0	1	1	1	0	1	0	0	1	0	0	1	0
T79	1	0	1	0	0	0	0	1	0	1	1	0	0	0	0	0	0	0	0	0	0	0	1	0	1	0	1	0	0	1	0	1	0	0	0	0	0	0	1	0	0	0	0	0	1	0	0	0	1	0	0	0	0	1	0	0	1	1	1	0	0	0	0	0	0	0	0	0
T80	1	0	1	0	1	1	0	1	0	1	1	0	1	0	1	0	0	0	1	1	0	1	1	1	1	0	1	0	0	1	0	1	0	0	0	0	0	1	0	0	0	0	0	0	0	0	0	1	1	0	1	0	1	1	0	1	1	1	0	0	1	0	0	0	0	1	0	1
T81	1	0	1	1	0	1	0	1	0	0	1	0	0	0	0	0	0	0	0	1	1	0	1	0	0	0	0	1	1	1	0	1	1	1	0	0	1	0	0	1	0	1	1	1	1	0	1	1	1	0	0	0	1	1	0	1	1	1	1	1	1	1	0	0	0	0	1	0
T82	1	0	1	1	0	1	0	1	0	0	1	0	0	0	0	0	0	0	0	1	1	0	0	0	1	0	0	0	1	1	0	1	0	1	1	0	1	0	0	0	0	1	1	1	1	0	1	1	1	1	0	0	1	1	0	0	1	1	1	1	1	1	0	0	0	0	1	0
T83	1	0	1	1	0	1	0	1	0	0	1	0	0	0	0	0	0	0	0	0	0	0	0	0	0	0	0	0	0	1	0	0	0	0	1	0	1	0	0	0	0	1	1	0	0	0	0	1	0	0	0	0	0	0	0	0	1	0	1	1	0	1	0	0	0	0	0	0
T84	1	0	1	1	0	0	0	0	0	0	1	0	0	0	0	0	0	0	0	1	1	0	1	0	0	0	0	1	1	1	0	1	1	1	0	0	1	0	0	1	0	0	0	0	1	0	1	1	1	1	0	0	1	1	0	0	1	1	1	1	1	1	0	0	0	0	1	0
T85	0	1	1	0	0	1	1	0	0	1	1	1	1	0	0	1	1	1	1	1	0	0	1	0	0	1	0	1	1	1	0	1	1	0	0	1	1	1	1	1	1	1	0	1	1	1	0	1	0	0	0	0	0	1	0	1	1	1	1	0	1	1	0	1	1	1	1	1
T86	0	0	1	0	0	0	1	0	0	1	1	0	0	0	1	0	0	1	0	0	0	1	1	0	0	0	0	0	0	1	0	1	0	0	1	0	1	0	1	1	1	0	0	1	1	0	0	1	0	0	0	0	0	0	0	0	1	0	1	0	1	0	0	1	0	1	0	0
T87	1	0	0	0	0	1	0	1	0	0	1	0	0	0	0	0	0	0	0	0	0	0	0	0	0	0	0	0	0	1	0	0	0	0	0	0	0	0	0	0	0	0	0	0	1	0	0	0	0	1	1	0	1	1	0	0	1	1	0	1	0	0	0	0	0	0	0	0
T88	1	0	0	0	0	1	0	0	0	0	1	0	0	0	0	0	0	0	0	0	0	0	0	0	0	0	0	0	0	0	0	1	0	0	0	0	0	0	0	0	0	0	0	0	1	0	0	0	0	0	1	0	0	1	0	0	1	1	1	1	0	0	0	0	0	0	0	0
T89	1	0	1	0	0	0	0	1	0	0	1	0	0	0	1	0	0	0	0	0	0	1	0	1	0	0	1	0	0	1	0	0	0	0	0	0	0	0	0	0	0	1	0	0	1	0	1	0	0	0	1	0	1	1	0	0	1	1	0	1	0	0	0	0	0	0	1	0
T90	1	0	1	0	1	0	0	1	0	0	1	0	0	0	1	1	0	1	0	0	0	1	1	1	0	0	1	0	0	1	0	0	0	0	0	0	0	0	1	0	0	1	0	0	1	0	1	0	0	0	1	0	1	1	0	0	1	1	0	1	0	0	0	0	0	1	1	0
T91	1	0	1	0	0	1	0	1	0	0	0	0	0	0	0	0	0	0	0	0	0	0	0	0	0	0	0	0	0	1	0	0	0	0	0	0	0	0	0	0	0	0	0	0	1	0	0	0	0	0	0	0	0	1	0	0	1	1	0	1	0	0	0	0	0	0	0	0
T92	1	0	1	0	0	0	0	1	0	0	0	0	0	0	0	0	0	0	0	0	0	0	0	0	0	0	0	0	0	1	0	0	0	0	0	0	0	0	1	0	0	0	0	1	1	0	0	0	0	0	0	0	0	1	0	0	1	1	0	1	0	0	0	0	0	0	0	0
T93	1	0	1	0	0	0	0	1	0	0	0	0	0	0	0	0	0	0	0	0	0	0	0	0	0	0	0	0	0	1	0	0	0	0	0	0	0	0	1	0	0	0	0	0	1	0	0	0	0	0	0	0	0	1	0	0	0	1	0	1	0	0	0	0	0	0	0	0
T94	1	0	0	0	0	0	0	0	0	0	0	0	0	0	0	0	0	0	0	1	0	0	0	0	0	0	0	0	0	1	0	1	0	0	0	0	0	0	0	0	0	0	1	0	1	0	0	1	0	1	0	0	0	1	0	0	1	1	0	1	1	0	0	0	0	0	1	0
T95	1	0	0	0	0	0	1	0	0	0	0	0	0	0	0	0	0	0	0	1	0	0	1	0	0	0	0	0	1	1	0	1	0	0	0	0	0	0	0	0	0	1	1	0	1	0	1	1	1	1	0	0	0	1	0	0	1	1	1	1	1	0	0	0	0	0	1	0
T96	0	0	1	0	0	0	0	0	0	0	1	0	0	0	0	0	0	0	0	0	0	0	0	0	0	0	0	0	0	1	0	1	0	0	0	0	0	0	0	0	0	0	0	0	0	0	0	0	0	0	0	0	0	1	0	0	1	1	1	0	1	0	0	0	0	0	0	0
T97	1	0	0	0	0	0	0	1	0	0	0	0	0	0	0	0	0	0	0	0	0	0	0	0	1	0	0	0	1	1	0	1	0	0	0	0	1	0	0	0	0	0	1	0	1	0	1	1	1	1	0	0	0	1	0	0	1	1	1	0	1	0	0	0	0	0	0	0
T98	1	0	0	0	0	0	0	1	0	0	0	0	0	0	0	0	0	0	0	0	0	0	0	0	0	0	0	0	1	1	0	1	0	0	1	0	1	0	0	0	0	0	1	0	1	0	0	1	0	1	0	0	0	1	0	0	1	1	1	0	1	0	0	0	0	0	1	0
T99	1	0	1	0	0	0	0	1	0	0	0	0	0	0	0	0	0	0	0	0	0	1	1	0	1	0	1	0	1	1	0	1	0	0	0	0	1	0	0	0	0	0	1	0	1	0	1	1	1	1	0	0	0	1	0	0	1	1	1	0	1	0	0	1	0	0	1	0
T100	0	0	0	0	0	1	0	1	0	0	0	0	0	0	0	0	1	0	0	0	0	0	0	0	1	0	0	0	1	1	0	0	0	0	0	0	0	0	0	0	0	1	0	1	0	0	0	0	0	1	0	0	1	1	0	0	1	1	1	0	1	0	1	0	0	0	1	0
T101	0	0	0	1	0	0	0	0	0	0	0	0	0	0	0	0	1	0	0	0	0	0	0	0	0	0	0	0	0	0	0	1	0	0	0	0	0	0	0	0	0	1	0	0	0	0	0	0	0	1	0	0	1	1	0	0	1	1	1	0	1	0	0	0	0	0	0	0
T102	0	0	0	1	0	1	0	0	1	0	1	0	0	0	0	0	0	0	0	1	0	0	0	0	1	0	1	0	0	1	0	1	0	0	0	0	0	0	0	0	0	1	0	1	1	0	0	1	0	1	0	0	1	1	0	0	1	1	1	0	1	0	1	1	0	0	1	0
T103	0	1	1	0	0	0	1	0	0	1	1	1	1	0	1	1	1	1	1	1	0	1	1	0	0	0	0	1	1	1	0	1	1	0	1	1	1	1	0	1	1	1	0	1	1	1	0	1	0	0	1	0	0	0	0	1	1	1	1	0	1	1	0	1	1	1	1	1
T104	0	1	1	0	0	0	1	0	0	1	1	0	1	0	0	1	0	1	1	1	0	0	1	0	0	0	0	1	1	1	0	1	1	0	0	1	0	0	0	1	1	1	0	1	1	1	0	1	0	0	1	0	0	1	0	1	1	1	1	0	1	1	0	1	0	1	1	0
T105	0	0	1	0	0	0	1	0	0	0	1	0	0	0	0	0	1	0	0	1	0	0	1	0	0	0	0	0	1	1	0	1	0	0	0	0	0	0	1	0	0	1	0	0	0	0	0	0	0	0	0	0	0	1	0	0	1	1	1	0	1	0	0	1	0	0	1	0
T106	1	0	0	1	0	1	0	1	0	0	1	0	0	0	1	0	1	1	0	0	1	1	0	0	0	0	1	0	0	1	0	1	0	0	0	0	1	0	0	0	0	0	0	0	1	0	0	0	1	1	0	0	0	0	0	0	1	0	1	0	1	0	1	0	0	0	0	0
T107	1	0	0	0	0	0	0	0	0	0	0	0	0	0	0	0	0	1	1	0	0	1	1	0	0	0	0	0	0	1	0	1	1	0	0	0	0	0	0	0	1	0	0	0	0	0	0	0	0	0	1	0	0	0	0	0	1	0	1	0	0	0	0	0	0	1	0	0
T108	1	0	0	0	1	1	0	0	0	0	0	0	0	0	0	0	0	0	0	1	1	1	0	0	0	0	1	1	1	1	0	1	0	0	1	0	1	0	1	0	0	1	0	0	0	0	0	1	0	1	0	0	1	1	0	0	1	1	1	0	1	0	0	1	0	0	1	0
T109	1	0	0	0	0	1	0	0	0	0	0	0	0	0	1	0	0	0	0	1	0	1	0	0	0	0	1	0	1	1	0	1	0	0	1	0	1	0	1	0	0	1	0	0	1	0	0	1	0	1	0	0	0	1	0	0	1	1	1	0	1	0	0	0	0	0	1	0
T110	1	0	0	1	1	1	0	0	0	0	0	0	0	0	1	0	0	0	0	0	1	0	0	0	0	0	0	0	0	1	0	1	0	1	0	0	1	0	0	0	0	0	0	0	1	0	0	1	1	1	0	1	1	1	0	0	1	1	1	1	0	0	0	0	0	0	0	0
T111	1	0	0	1	1	1	0	0	0	0	0	0	0	0	0	0	0	0	0	0	1	0	0	0	0	0	0	0	0	1	0	1	0	0	0	0	1	0	0	0	0	0	1	0	0	0	1	0	1	0	0	1	1	1	0	0	1	1	1	1	1	0	0	0	0	0	1	0
T112	1	0	1	1	1	0	0	0	1	0	0	0	0	0	1	0	1	0	0	1	0	1	1	0	0	0	0	0	0	1	0	1	0	0	0	0	0	0	0	0	0	0	1	1	1	0	1	1	0	1	0	0	1	1	0	0	1	1	0	1	0	0	0	0	0	0	0	0
T113	0	0	1	0	1	1	0	1	0	1	1	0	0	0	1	1	0	1	1	0	0	1	1	0	0	0	1	0	0	0	1	1	0	0	0	0	1	1	1	0	1	0	0	0	1	0	0	1	0	0	1	0	0	0	1	0	1	0	1	1	1	1	0	0	0	1	0	0
T114	0	0	1	0	1	1	0	1	0	0	1	0	0	0	1	1	0	1	0	0	0	1	1	0	0	0	1	0	0	1	1	1	0	0	0	0	1	1	1	0	1	0	0	0	1	0	0	1	1	0	1	0	0	0	1	0	1	0	1	1	1	1	0	0	0	1	0	0
T115	0	0	1	0	1	1	1	1	0	1	1	1	0	0	1	1	1	1	1	0	0	1	1	0	0	0	1	0	0	1	1	1	1	0	0	0	1	1	1	0	1	0	0	0	1	0	0	0	0	0	1	0	0	1	1	0	1	1	1	1	0	1	0	0	0	1	0	0
T116	0	0	1	0	1	1	1	1	0	1	1	1	0	0	1	1	0	1	1	0	0	1	1	0	0	0	1	0	0	1	1	1	0	0	0	0	1	1	1	0	1	0	0	0	1	0	0	0	0	0	1	0	0	0	1	0	1	0	1	1	0	1	0	0	0	1	0	0
T117	0	0	1	0	1	1	0	1	0	1	1	0	0	0	1	1	0	1	1	0	0	1	1	0	0	0	1	1	1	0	1	1	0	0	0	1	1	1	1	0	1	0	0	0	1	0	0	1	0	0	1	0	0	0	1	0	1	0	1	1	1	1	0	0	0	1	0	0
T118	0	0	1	0	1	1	0	1	0	1	1	0	0	0	1	1	0	1	0	0	0	1	1	0	0	0	1	0	0	0	1	1	0	0	1	0	1	1	1	0	1	0	0	0	1	0	0	1	0	0	1	0	0	0	1	0	1	0	1	1	1	1	0	0	0	1	0	0
T119	0	0	1	0	1	1	0	1	0	1	1	0	0	0	1	1	0	1	1	0	0	1	1	0	0	0	1	0	0	0	1	1	0	0	0	1	1	1	1	0	1	0	0	0	1	0	0	1	0	0	1	0	0	0	1	0	1	0	1	1	1	1	0	0	0	1	0	0
T120	0	0	1	0	1	1	0	1	0	1	1	1	0	0	1	1	0	1	0	0	0	1	1	0	0	0	1	0	0	0	1	1	0	0	1	0	1	1	1	0	1	0	0	0	1	0	0	1	0	0	1	0	0	0	1	0	1	0	1	1	1	1	0	0	0	1	0	0
T121	0	0	1	0	1	1	0	1	0	0	1	0	0	0	1	1	0	1	0	1	0	1	1	0	0	0	1	0	1	1	0	1	0	0	0	0	1	0	1	0	0	0	0	0	1	0	0	1	0	0	1	0	0	0	0	0	1	1	1	1	1	0	0	0	0	1	0	0
T122	0	0	1	0	1	1	0	1	0	1	1	1	0	0	1	1	1	1	0	0	0	1	1	0	0	0	1	0	1	0	1	1	0	0	0	1	1	1	1	0	1	0	0	0	1	0	0	1	0	0	1	0	0	0	1	0	1	0	1	1	1	1	0	0	0	1	0	0
T123	0	0	0	0	1	1	0	1	0	1	1	0	0	0	1	1	0	1	1	0	0	1	1	0	0	0	1	0	0	0	1	1	0	0	0	0	1	0	1	0	1	0	0	0	1	0	0	1	0	0	1	0	0	0	1	0	1	0	1	1	0	1	0	0	0	1	0	0
T124	0	0	1	0	1	1	0	1	0	1	1	0	0	0	1	1	0	1	1	1	0	1	1	0	0	0	1	0	1	1	1	1	0	0	0	0	1	0	1	0	0	0	0	0	1	0	0	1	1	0	1	0	0	1	1	0	1	1	1	1	1	0	0	0	0	1	0	0
T125	0	0	0	0	0	1	0	0	0	1	1	0	0	0	0	1	0	0	0	0	0	0	1	0	0	0	0	0	0	0	0	0	0	0	0	0	0	0	0	0	0	0	0	0	0	0	0	0	0	0	0	0	0	0	0	0	0	0	0	0	1	0	0	0	0	0	0	0
T126	0	0	1	0	0	1	0	0	0	0	1	0	1	0	1	1	1	1	1	0	0	0	1	0	0	0	1	0	1	1	0	1	0	0	1	0	0	0	0	1	1	0	0	0	1	0	0	1	0	0	0	0	0	0	0	1	1	0	1	0	1	0	0	1	1	1	1	0
T127	0	0	1	0	0	1	0	0	0	0	1	0	1	0	0	0	1	1	1	0	0	0	1	0	0	0	0	0	1	1	0	1	0	0	1	0	0	0	0	1	1	0	0	0	1	0	0	1	0	0	0	0	0	0	0	1	1	0	1	0	1	0	0	1	0	1	1	0
T128	0	1	1	0	0	1	0	0	0	0	1	0	0	0	1	1	1	1	1	0	0	1	1	0	0	0	1	0	1	1	0	1	1	0	1	1	0	0	0	1	1	0	0	0	1	0	0	1	0	1	0	0	0	1	0	1	1	1	1	0	1	0	0	1	0	1	1	0
T129	0	0	1	0	0	0	0	0	0	0	1	0	1	0	1	0	1	1	1	0	0	0	1	0	0	0	0	0	1	0	0	1	0	0	1	0	0	0	0	1	1	0	0	0	1	0	0	1	0	0	0	0	0	0	0	1	1	0	1	0	1	0	0	1	0	1	0	0
T130	0	0	1	0	0	1	0	0	0	0	1	0	0	0	1	0	1	1	1	0	0	1	1	0	0	0	1	0	1	0	0	1	1	0	1	0	0	0	0	1	1	0	0	0	1	0	0	1	0	0	0	0	0	0	0	1	1	1	1	0	0	0	0	0	0	1	0	0
T131	0	1	1	0	1	0	0	0	0	0	1	1	1	0	1	1	1	1	1	0	0	1	1	0	0	0	1	0	1	1	0	1	1	0	1	0	0	1	0	1	1	0	0	0	1	0	0	1	0	0	1	0	0	1	0	1	1	1	1	0	1	0	0	1	0	1	1	0
T132	0	1	1	0	0	0	0	0	0	0	0	1	0	0	0	1	1	0	1	0	0	1	1	0	0	0	0	0	1	1	0	1	1	0	1	0	0	0	0	0	0	0	0	0	0	0	0	1	0	0	0	0	0	1	0	1	1	1	1	0	1	0	0	0	0	1	0	0
T133	0	0	1	0	0	0	0	0	0	0	1	0	1	0	1	1	1	1	1	0	0	1	1	0	0	0	1	1	0	0	0	0	0	0	0	1	0	0	0	1	1	1	0	0	1	0	0	1	0	0	0	0	0	0	0	1	1	0	0	0	1	0	0	1	0	1	0	0
T134	0	0	1	0	0	1	0	0	0	0	1	0	0	0	1	0	1	1	1	0	0	1	1	0	0	0	1	0	1	1	0	1	1	0	1	0	0	0	0	1	1	0	0	0	1	0	0	1	0	0	0	0	0	1	0	1	1	1	1	0	1	0	0	1	1	1	1	0
T135	0	0	1	0	0	0	0	0	0	0	1	0	0	0	1	0	0	1	1	0	0	0	1	0	0	0	0	0	1	0	0	1	1	0	0	0	0	0	0	1	1	0	0	0	1	0	0	1	0	0	0	0	0	0	0	1	1	0	1	0	1	0	0	1	0	1	0	0
T136	0	0	0	0	0	0	0	0	0	0	1	0	0	0	0	0	0	1	0	0	0	0	1	0	0	0	0	0	0	0	0	0	1	0	1	0	0	0	0	1	1	0	0	0	0	0	0	0	0	0	0	0	0	0	0	0	0	0	1	0	0	0	0	0	0	0	0	0
T137	0	0	0	0	0	0	0	0	0	0	1	0	0	0	1	1	1	1	0	0	0	1	1	0	0	0	1	0	1	1	0	1	1	0	1	0	0	0	0	1	1	0	0	0	0	0	0	1	0	0	0	0	0	0	0	1	1	1	1	0	1	0	0	1	0	1	1	0
T138	0	1	0	0	1	0	1	0	0	1	1	1	1	0	1	1	1	1	0	1	0	1	1	0	0	0	1	0	1	1	0	1	1	0	0	0	1	0	1	1	1	1	0	1	1	1	1	1	0	1	1	0	0	1	0	1	1	1	1	0	1	1	0	1	0	1	1	0
T139	0	0	0	0	1	0	0	0	0	1	1	0	0	0	1	1	0	1	0	0	0	1	1	0	0	0	1	0	0	0	1	0	0	0	0	1	0	0	1	0	0	0	0	0	1	0	0	0	0	0	0	0	0	0	0	0	1	0	1	1	0	0	0	0	0	1	0	0
T140	0	0	0	0	1	1	0	0	0	0	1	0	0	0	1	1	0	1	0	0	0	1	1	1	0	0	1	0	0	0	1	1	0	0	0	0	0	0	1	0	1	0	0	0	1	0	0	0	0	0	0	0	0	0	0	0	0	0	0	0	0	0	0	1	0	1	0	0
T141	0	0	0	0	1	1	0	0	0	1	1	0	0	0	1	1	0	1	0	0	0	1	1	0	0	0	1	0	0	0	1	1	0	0	0	0	1	0	1	0	1	0	0	0	0	0	0	1	0	0	1	0	0	0	0	0	1	0	1	1	1	0	0	0	0	1	0	0
T142	0	0	0	0	0	0	0	0	0	0	0	0	0	0	0	0	0	0	0	0	0	0	0	0	0	0	0	0	0	0	0	1	0	0	0	0	0	0	0	0	0	0	0	0	0	0	0	0	0	0	0	0	0	0	0	0	1	0	1	0	0	0	0	0	0	0	0	0
T143	0	0	0	0	0	0	0	0	0	0	0	0	0	0	0	0	0	0	0	0	0	0	0	0	0	0	0	0	0	0	0	0	0	0	0	0	0	0	0	0	0	0	0	0	0	0	0	0	0	0	0	0	0	0	0	0	1	0	1	0	0	0	0	0	0	0	0	0
T144	0	0	0	0	0	0	0	0	1	0	0	0	0	0	1	0	0	0	0	0	0	0	0	0	0	0	1	0	0	1	0	0	0	0	0	0	0	0	0	0	1	0	0	0	0	0	0	0	0	0	0	0	1	0	0	0	1	0	0	0	1	0	0	0	0	1	0	0
T145	0	0	0	0	0	0	0	0	0	0	0	0	0	0	1	0	0	0	0	0	0	1	0	0	0	0	1	0	0	0	0	0	0	0	0	0	0	0	0	0	1	0	0	0	0	0	0	0	0	0	0	0	1	0	0	0	0	0	0	0	0	0	0	0	0	0	0	0
T146	0	0	0	1	0	1	0	1	1	0	1	0	0	0	0	0	1	0	0	0	0	0	0	0	0	0	0	0	0	1	0	1	0	0	0	0	0	0	0	0	0	1	0	0	0	0	0	0	0	0	0	0	1	0	0	0	1	1	1	0	1	0	0	1	0	0	1	0
T147	1	1	1	1	0	1	0	0	1	0	0	0	0	0	0	0	0	0	1	0	1	0	1	0	0	0	0	0	0	1	0	1	1	0	0	0	0	0	0	0	0	0	0	0	0	0	0	1	1	0	0	0	1	0	0	1	1	0	1	0	1	0	0	0	0	0	0	0
T148	0	0	1	0	0	0	0	0	1	0	0	0	0	0	0	1	0	0	0	0	0	0	0	0	0	0	0	0	1	1	0	1	0	0	0	0	1	0	0	0	0	0	0	0	0	0	0	1	0	1	0	0	0	1	0	0	1	1	1	0	1	0	0	1	0	0	1	0
T149	0	0	0	0	0	0	0	1	0	0	1	0	0	0	0	0	1	0	1	0	0	0	1	0	0	0	0	0	1	1	0	1	0	0	0	0	0	0	1	0	0	1	0	0	0	0	0	1	0	0	0	0	0	1	0	0	1	1	1	0	1	0	0	0	0	0	1	0
T150	0	0	1	0	0	0	0	0	0	0	1	0	1	0	0	0	1	0	0	0	0	0	1	0	0	0	0	0	1	1	0	1	0	0	1	0	1	0	1	0	1	0	0	0	0	1	0	1	0	0	0	0	0	1	0	0	1	1	1	0	1	0	0	1	0	0	1	0
T151	0	0	1	0	0	0	0	1	0	0	1	0	0	0	0	0	1	0	0	0	0	0	1	0	0	0	0	0	1	1	0	1	0	0	0	0	0	0	1	0	1	0	0	1	0	1	0	1	0	0	0	0	0	0	0	0	1	1	1	0	1	0	0	1	0	0	1	0
T152	0	0	1	0	0	0	1	0	0	0	0	1	1	0	0	1	0	1	1	1	1	0	1	0	0	0	0	0	1	1	0	1	0	0	1	0	1	1	0	0	1	0	0	1	1	1	0	1	0	0	0	0	0	1	0	1	1	1	1	0	1	0	0	1	0	1	1	0
T153	0	0	1	0	0	0	1	0	0	0	0	1	0	0	0	1	0	1	0	1	0	0	1	0	0	0	0	0	1	1	0	1	0	0	1	0	1	0	0	0	1	1	0	1	1	1	0	1	0	0	0	0	0	1	0	1	1	1	1	0	1	0	0	1	0	1	1	0
T154	0	0	1	0	0	0	1	0	0	0	0	1	0	0	0	1	1	1	0	1	0	0	1	0	0	0	0	0	1	1	0	1	0	0	1	0	1	0	0	0	1	1	0	0	1	1	0	1	0	0	0	0	0	1	0	1	1	1	1	0	1	0	0	1	0	1	1	0
T155	0	0	1	0	0	0	1	0	0	0	0	1	0	0	0	1	1	0	0	1	0	0	1	0	0	0	0	0	1	1	0	1	0	0	1	0	0	0	0	0	1	0	0	0	1	1	0	1	0	0	0	0	0	1	0	1	1	1	1	0	1	0	0	1	0	1	1	0
T156	0	0	1	0	0	0	0	0	0	0	0	1	0	0	0	1	0	0	0	1	0	0	0	0	0	0	0	0	0	1	0	1	0	0	0	0	0	1	0	0	1	0	0	0	1	1	0	1	0	0	0	0	0	1	0	0	1	1	1	0	1	0	0	1	0	1	1	0
T157	0	0	1	0	0	0	1	0	0	0	1	0	0	0	1	1	1	1	0	1	0	1	1	0	0	0	1	1	1	1	0	1	0	0	1	1	1	1	1	1	1	1	0	1	1	1	0	1	0	0	0	0	0	1	0	1	1	1	1	0	1	0	0	1	1	1	1	0
T158	0	1	1	0	0	0	1	0	0	1	0	1	1	0	1	1	1	1	1	1	0	1	1	0	0	0	0	0	1	1	0	1	1	0	1	0	1	1	0	0	1	0	0	1	1	1	0	1	0	0	0	0	1	1	0	1	1	1	1	0	1	1	0	1	0	1	1	1
T159	1	1	1	0	0	0	1	0	0	1	1	0	1	0	1	0	1	1	1	1	1	1	1	0	0	0	1	0	1	1	0	1	1	0	0	0	1	1	1	0	1	1	1	1	1	1	1	1	1	0	0	0	0	1	0	1	1	1	1	0	1	1	0	1	0	1	1	0
T160	1	1	1	0	1	1	1	0	0	1	1	0	0	0	1	0	1	1	0	1	1	1	1	0	0	0	1	0	1	1	0	1	1	0	0	0	1	1	1	0	1	1	1	1	1	1	1	1	1	0	0	0	1	1	0	1	1	1	1	0	1	1	0	1	0	1	1	0
T161	1	1	1	0	1	1	1	1	0	1	1	0	0	0	1	0	1	1	0	1	1	1	1	0	0	0	1	0	1	1	0	1	1	0	0	0	1	1	1	0	1	1	0	1	1	1	1	1	1	0	0	0	1	1	0	1	1	1	1	0	1	1	0	1	0	1	1	0
T162	1	1	1	0	0	1	1	0	0	1	1	0	0	0	1	0	1	1	1	1	1	1	1	0	0	0	1	1	1	1	0	1	1	0	0	0	1	1	0	0	1	1	1	1	1	1	1	1	1	0	0	0	0	1	0	1	1	1	1	0	1	1	0	1	0	1	1	0
T163	1	1	1	0	0	0	1	0	0	1	1	0	1	0	1	1	1	1	1	1	1	1	1	0	0	0	1	0	1	1	0	1	1	0	1	0	1	1	1	0	1	1	0	1	1	1	1	1	1	0	0	0	0	1	0	1	1	1	1	0	1	1	0	1	0	1	1	0
T164	1	1	1	0	1	1	1	0	0	1	1	0	0	0	1	0	1	1	1	1	1	1	1	0	0	0	1	0	1	1	0	1	1	0	0	0	1	1	1	0	1	1	0	1	1	1	1	1	1	0	0	0	1	1	0	1	1	1	1	0	1	1	0	1	0	1	1	0
T165	1	1	1	0	0	0	1	0	0	1	0	0	0	0	1	0	1	0	0	1	1	0	1	0	0	0	1	0	1	1	0	1	1	0	0	0	1	1	0	0	0	1	0	1	1	1	0	1	1	0	0	0	0	1	0	1	1	1	1	0	1	1	0	1	0	1	1	0
T166	0	1	1	0	0	0	1	0	0	1	0	1	1	0	0	1	0	0	1	1	1	1	1	0	0	0	0	0	1	1	0	1	1	0	1	0	1	1	0	0	1	1	0	0	1	1	0	1	0	0	0	0	0	1	0	1	1	1	1	0	1	1	0	1	0	1	1	1
T167	0	1	1	0	1	1	0	0	0	0	1	0	1	0	1	1	1	1	1	1	0	1	1	0	0	0	1	1	1	1	0	1	1	0	0	1	1	1	0	1	1	0	0	1	1	1	0	1	0	0	1	0	0	1	0	1	1	1	1	0	1	0	0	1	0	1	1	1
T168	0	0	1	0	0	0	0	0	0	0	1	0	1	0	1	1	1	1	0	1	0	0	1	0	0	0	0	1	1	1	0	1	0	0	1	1	1	1	1	1	1	0	0	1	1	1	0	1	0	0	0	0	0	1	0	1	1	1	1	0	1	0	1	1	1	1	1	0
T169	1	0	1	0	1	1	1	1	0	0	1	0	0	0	1	1	0	1	0	1	0	1	0	0	0	0	1	1	1	1	0	1	1	0	0	0	1	0	1	0	1	1	0	0	1	1	1	1	1	1	1	0	1	1	0	0	1	1	1	1	1	1	0	1	0	1	0	0
T170	0	0	0	0	0	0	0	0	0	0	1	0	1	0	0	0	0	1	0	1	0	1	0	0	0	0	0	0	1	1	0	1	0	0	0	0	1	1	1	0	1	1	0	1	0	0	0	1	0	0	0	0	0	1	0	0	1	1	1	0	1	0	0	1	0	0	1	0
T171	0	0	0	0	0	1	0	0	0	0	0	0	0	0	0	0	0	0	0	1	1	0	0	0	1	0	0	0	1	0	0	1	0	0	0	0	1	0	0	0	0	1	0	0	1	0	0	1	1	1	0	0	0	1	0	0	1	1	1	0	0	0	0	0	0	0	1	0
T172	1	0	0	0	0	0	1	0	0	0	1	0	0	0	0	0	1	0	0	1	0	1	0	0	0	0	0	0	1	1	0	1	0	0	0	0	1	0	0	0	0	1	0	0	0	0	0	1	1	1	0	0	0	1	0	0	1	1	1	1	1	0	0	1	0	0	1	0
T173	1	0	0	0	0	1	0	1	0	0	1	0	0	0	0	0	0	0	0	1	1	0	0	0	1	0	0	0	1	1	0	1	0	0	0	0	1	0	0	0	0	1	0	0	1	0	0	1	1	1	0	0	0	1	0	0	1	1	1	0	1	0	1	0	0	0	1	0
T174	1	0	1	1	0	1	0	0	0	0	0	0	0	0	0	0	0	0	0	0	0	0	0	0	1	0	0	0	1	0	0	1	0	0	0	0	1	0	0	0	0	0	0	0	0	0	0	1	0	0	0	0	1	0	0	0	1	0	0	0	0	0	0	0	0	0	1	0
T175	1	0	0	1	0	1	0	0	0	0	0	0	0	0	0	0	0	0	0	1	1	0	0	0	1	0	0	0	1	0	0	1	0	0	0	0	1	0	0	0	0	0	0	0	0	0	0	1	1	0	1	0	1	0	0	0	1	0	0	0	0	0	0	0	0	0	1	0
T176	0	0	1	0	1	0	0	0	0	1	1	1	1	0	1	1	0	1	0	1	0	1	1	0	0	0	1	0	1	1	0	1	0	0	1	1	1	1	1	1	1	0	0	1	1	1	0	1	0	0	0	0	0	1	0	1	1	1	1	0	1	0	0	1	0	1	1	0
T177	1	0	1	0	0	1	0	1	0	0	1	0	0	0	0	0	0	0	0	1	1	0	1	0	1	0	0	0	0	1	0	1	0	0	0	0	0	0	0	0	0	1	1	1	1	0	1	1	1	1	0	0	1	1	0	1	1	1	1	0	1	0	0	0	0	0	1	0
T178	1	0	1	0	0	1	0	1	0	1	1	0	0	0	0	0	0	0	0	1	1	0	1	0	1	0	0	0	1	1	0	1	0	0	0	0	1	0	0	0	0	1	1	1	1	0	1	1	1	1	0	0	1	1	0	1	1	1	1	0	1	0	0	0	0	0	1	0
T179	1	0	1	0	0	1	0	1	0	1	1	0	0	0	0	0	0	0	0	1	0	0	1	0	1	0	0	0	1	1	0	1	1	0	0	0	1	0	0	0	0	1	1	1	1	0	1	1	1	1	0	0	1	1	0	1	1	1	1	0	1	0	0	0	0	0	1	0
T180	1	1	1	0	1	1	0	1	1	1	1	0	1	0	1	0	1	0	0	0	1	1	1	0	0	0	1	1	0	1	0	1	1	0	0	0	1	0	1	0	0	1	0	1	1	0	1	1	0	0	0	0	0	1	0	1	1	1	1	0	1	1	0	0	0	0	1	0
T181	0	0	1	0	0	1	1	0	0	0	1	0	0	0	0	1	1	1	0	1	1	0	1	0	0	0	0	0	1	1	0	1	1	0	0	0	1	0	1	1	1	1	0	0	1	1	0	1	1	0	0	0	0	1	0	1	1	1	1	0	1	0	0	1	0	1	1	0
T182	0	0	0	0	0	0	1	1	0	0	1	0	0	0	1	0	0	0	0	1	0	0	1	0	0	0	0	0	0	1	0	1	0	0	0	0	1	0	0	0	0	1	0	0	0	0	0	0	0	0	0	0	0	1	0	0	1	1	1	0	0	0	0	1	0	1	0	0
T183	1	0	1	1	0	1	0	0	0	0	0	0	0	0	0	0	0	0	0	0	1	0	0	0	0	0	0	0	0	1	0	1	0	0	0	0	1	0	0	0	0	1	0	0	0	0	1	0	1	0	0	0	1	1	0	0	1	1	1	0	1	0	0	0	0	0	1	0
T184	0	0	0	0	0	0	0	0	0	0	0	0	0	0	0	0	1	0	0	0	0	0	1	0	0	0	0	0	1	1	0	1	0	0	0	0	0	0	0	0	0	0	0	0	0	0	0	1	0	0	0	0	0	0	0	0	1	1	1	0	1	0	0	1	0	0	1	0
T185	0	0	1	0	0	0	0	0	1	0	0	0	0	0	0	0	0	0	0	1	0	0	1	0	0	0	0	0	0	1	0	1	0	1	0	0	1	0	0	0	0	0	1	0	0	0	0	1	0	0	0	0	0	1	0	0	1	1	0	0	1	0	0	0	0	0	1	0
T186	0	0	1	0	0	0	0	0	1	0	0	0	0	0	0	0	1	0	0	0	0	0	0	0	0	0	0	0	0	1	0	1	0	1	0	0	1	0	0	0	0	0	0	0	0	0	0	1	0	1	0	0	0	1	0	0	1	0	0	0	1	0	0	0	0	0	0	0
T187	0	0	0	0	0	1	0	0	0	0	1	0	0	0	0	0	1	0	0	1	0	0	1	0	0	0	0	0	1	1	0	1	0	0	0	0	1	0	0	0	0	1	0	0	0	0	0	1	0	1	0	0	0	1	0	0	1	1	1	0	1	0	0	1	0	0	1	0
T188	0	0	1	0	0	0	0	0	0	0	0	0	0	0	0	0	1	0	0	0	0	0	1	0	0	0	0	0	1	1	0	1	0	0	0	0	0	0	1	0	0	1	0	0	0	0	0	1	0	0	0	0	0	1	0	0	1	1	1	0	1	0	0	1	0	0	1	0
T189	0	0	1	0	0	0	0	0	0	0	0	0	0	0	0	0	1	0	0	0	0	0	1	0	0	0	0	0	1	1	0	1	1	0	0	0	0	0	1	0	0	1	0	0	0	0	0	1	0	0	0	0	0	1	0	0	1	1	1	0	1	0	0	1	0	0	1	0
T190	1	0	1	0	1	1	1	1	0	0	1	0	0	0	1	0	1	0	0	1	0	0	0	0	0	0	1	1	1	1	0	1	0	0	0	0	0	0	1	0	0	1	0	0	1	1	0	1	0	1	0	0	0	1	0	0	1	1	1	0	1	1	0	0	0	1	1	0
T191	0	0	0	0	0	0	0	0	0	1	0	0	0	0	1	0	1	0	0	0	0	0	1	0	0	0	1	0	0	1	0	1	0	0	1	0	1	0	0	0	0	1	0	0	1	1	1	1	0	0	0	0	1	1	0	0	1	1	1	0	1	1	0	0	0	0	1	0
T192	1	0	0	0	0	1	0	1	0	0	1	0	0	0	1	0	1	0	0	1	0	0	0	0	0	0	1	0	1	1	0	1	0	0	0	0	0	0	0	0	0	1	0	0	1	0	0	1	0	0	0	0	0	1	0	0	1	1	1	0	1	0	0	1	0	1	1	0
T193	0	0	1	0	0	0	1	0	0	0	1	0	0	0	1	0	1	0	0	1	0	0	1	0	0	0	0	0	1	1	0	1	0	0	0	0	0	0	0	0	0	0	0	0	0	0	0	1	0	0	0	0	0	1	0	0	1	1	1	0	1	0	0	1	0	0	1	0
T194	0	0	1	0	0	0	0	0	0	0	0	0	0	0	0	0	1	0	0	0	0	0	0	0	0	0	0	0	1	1	0	1	0	0	0	0	1	1	0	0	1	0	0	0	1	0	0	1	0	1	0	0	0	1	0	0	1	1	1	0	1	0	1	1	0	0	1	0
T195	0	0	0	0	0	0	0	0	0	0	0	0	0	0	0	0	0	0	0	1	0	0	0	1	0	0	0	0	1	1	0	0	0	0	0	0	0	0	0	0	0	1	1	0	1	0	1	0	0	0	0	0	0	1	0	0	0	1	1	1	1	0	0	0	0	0	1	0
T196	0	0	1	0	0	1	1	0	0	0	1	0	0	0	0	0	1	1	0	1	0	1	1	0	0	0	0	0	1	1	0	1	0	0	0	0	1	0	0	0	1	1	0	0	1	1	0	1	0	1	0	0	0	1	0	0	1	1	1	0	1	0	1	1	0	0	1	0
T197	1	0	1	0	0	1	1	0	0	0	1	0	0	0	1	0	1	1	0	1	1	1	0	0	0	0	0	0	1	1	0	1	0	0	0	0	1	0	1	0	1	1	0	0	1	1	0	1	1	1	0	0	0	1	0	1	1	1	1	0	1	0	1	1	0	0	1	0
T198	0	0	1	0	0	1	1	0	0	0	0	0	0	0	0	0	0	0	1	0	0	0	1	0	0	0	0	1	1	1	0	1	0	0	0	0	1	0	1	1	1	0	0	0	0	1	1	1	0	1	1	1	0	0	0	0	1	0	1	0	1	0	0	0	0	0	1	0
T199	0	0	1	0	1	0	0	0	0	0	0	0	0	0	1	0	0	0	1	0	0	1	1	0	0	0	1	0	1	1	0	1	1	0	0	0	1	0	0	1	0	0	0	0	0	0	1	1	0	0	1	0	0	1	0	1	1	1	1	0	1	0	0	0	0	0	0	0
T200	0	0	1	0	1	1	1	1	0	0	0	0	0	0	1	0	0	0	1	0	0	1	1	1	0	0	1	1	1	1	0	1	1	0	0	0	1	0	1	1	0	0	0	0	0	1	1	1	0	0	1	1	1	1	0	0	1	1	1	0	1	0	0	1	0	0	1	0
T201	0	1	1	0	0	0	1	0	0	1	1	1	1	0	1	1	0	1	1	1	0	1	1	0	0	0	0	1	1	1	0	1	1	0	0	1	1	1	0	1	1	1	0	1	1	1	0	1	0	0	0	0	0	1	0	1	1	1	1	0	1	1	0	1	0	1	1	1
T202	0	1	1	0	0	1	1	0	0	1	1	0	1	0	1	1	0	1	1	1	0	0	1	0	1	0	1	1	1	1	0	1	1	0	0	1	1	1	0	1	1	1	0	1	1	1	0	1	1	1	0	0	0	1	0	1	1	1	1	0	1	1	0	1	0	1	1	0
T203	1	1	1	0	0	1	1	0	0	1	1	0	1	0	1	1	0	1	0	1	0	0	1	0	1	0	1	1	1	1	0	1	1	0	0	1	1	1	0	1	1	1	0	0	1	1	0	1	1	1	0	0	0	1	0	1	1	1	1	0	1	1	0	1	0	1	1	0
T204	1	1	1	0	0	1	1	0	0	1	1	1	1	0	1	1	1	1	0	1	1	1	1	0	1	0	1	1	1	1	0	1	1	0	0	1	1	1	0	1	1	1	0	1	1	1	0	1	1	1	0	0	0	1	0	1	1	1	1	0	1	1	0	1	0	1	1	0
T205	0	1	1	0	0	0	1	0	1	1	1	1	1	0	1	1	0	1	1	1	1	1	1	0	1	0	0	1	1	1	0	1	1	0	0	1	1	1	0	1	1	1	0	1	1	1	0	1	1	0	0	0	0	1	0	1	1	1	1	0	1	1	0	1	0	1	1	1
T206	0	1	1	0	0	0	1	0	1	1	1	1	1	0	1	1	0	1	1	1	0	1	1	0	1	0	0	1	1	1	0	1	1	0	0	1	1	1	0	1	1	1	0	1	1	1	0	1	0	0	0	0	0	1	0	1	1	1	1	0	1	1	0	1	0	1	1	1
T207	0	1	1	0	0	0	1	0	0	1	0	1	1	0	1	1	1	0	1	1	0	1	1	0	1	0	0	1	1	1	0	1	1	0	0	0	1	1	0	1	0	0	0	0	1	1	0	1	1	0	0	0	0	1	0	1	1	1	1	0	1	1	0	1	0	1	1	0
T208	0	1	1	0	0	0	1	0	0	1	1	1	1	0	1	1	0	1	1	1	0	0	1	0	1	0	0	1	1	1	0	1	1	0	0	1	1	1	0	1	1	1	0	1	0	1	0	1	0	0	0	0	0	1	0	1	1	1	1	0	1	1	0	1	0	1	1	1
T209	1	0	1	0	0	0	0	0	0	0	0	0	0	0	0	0	0	0	0	1	0	0	0	0	0	0	0	0	1	1	0	1	1	0	0	0	1	0	0	0	0	0	0	0	0	0	0	0	1	0	0	0	0	1	0	0	1	1	1	1	0	0	0	1	0	0	1	0
T210	1	0	1	0	0	0	0	0	0	0	0	0	0	0	0	0	0	0	0	1	0	0	0	0	1	0	0	0	1	1	0	1	1	0	0	0	1	0	0	0	0	0	0	0	1	0	0	1	1	0	0	0	0	1	0	0	1	1	1	1	1	0	0	1	0	0	1	0
T211	0	1	1	0	1	0	1	0	0	1	1	1	1	0	1	1	1	1	1	1	0	1	1	0	0	0	1	1	1	1	0	1	0	0	1	1	1	1	1	1	1	1	0	1	1	1	0	1	0	0	1	0	0	1	0	1	1	1	1	1	1	1	1	1	1	1	1	0
T212	0	0	1	0	0	0	0	0	0	0	0	0	0	0	0	0	1	1	0	0	0	0	1	0	0	0	0	0	0	0	0	1	0	0	0	0	0	0	0	0	1	0	0	1	0	1	0	1	0	0	0	0	0	0	0	1	1	0	1	0	1	0	0	1	0	0	0	0
T213	0	0	1	0	0	0	0	0	0	0	0	0	0	0	0	0	1	1	0	0	0	0	1	0	0	0	0	0	0	0	0	0	1	0	0	0	0	0	0	0	1	0	1	1	0	1	0	1	0	0	0	0	0	0	0	1	1	0	1	0	1	0	0	1	0	0	0	0
T214	0	0	0	0	0	0	0	0	0	0	0	0	0	0	0	0	0	0	0	1	0	0	0	0	0	0	0	0	0	1	0	1	0	0	0	0	1	0	0	0	0	1	0	0	0	0	0	1	1	0	0	0	0	1	0	0	1	1	0	0	1	0	0	1	0	0	1	0
T215	0	1	1	0	1	0	1	1	0	1	1	1	1	0	1	1	1	1	1	1	0	1	1	1	0	0	1	0	1	1	1	1	1	0	1	0	1	1	1	1	1	1	0	0	1	1	0	1	1	0	0	0	0	1	0	1	1	1	1	0	1	1	0	1	0	1	1	0
T216	1	0	1	0	0	1	1	0	0	0	1	0	0	0	1	0	0	0	0	1	0	1	0	0	0	0	0	0	1	1	0	1	0	0	0	0	1	0	0	0	1	0	0	0	1	0	0	1	0	1	0	0	0	1	0	0	1	1	1	0	1	0	1	0	0	0	1	0
T217	1	0	1	0	0	1	1	0	0	0	1	0	0	0	1	0	0	0	0	1	0	1	0	0	0	0	0	0	1	1	0	1	0	0	0	0	1	0	0	0	1	0	0	0	1	0	0	1	1	1	0	0	0	1	0	0	1	1	1	0	1	0	1	0	0	0	1	0
T218	0	0	1	0	0	1	0	1	0	1	1	0	0	0	1	1	1	0	1	0	0	1	1	0	0	0	1	0	0	1	0	1	1	0	0	0	1	0	0	0	0	0	0	0	1	1	0	1	0	1	0	0	0	1	0	0	1	1	1	0	1	0	0	1	0	1	1	0
T219	0	1	1	0	0	0	0	0	0	1	1	0	1	0	1	1	1	1	1	1	0	1	1	0	0	0	1	1	1	1	0	1	0	0	1	1	1	1	1	1	1	0	0	1	1	1	0	1	0	0	0	0	0	1	0	1	1	1	1	0	1	0	0	1	1	1	1	0
T220	0	0	1	0	0	0	0	0	0	0	1	0	0	0	0	0	1	1	0	1	0	0	1	0	0	0	0	0	1	1	0	1	0	0	0	0	1	0	1	0	0	1	0	0	0	0	0	0	0	0	0	0	0	1	0	0	1	1	1	0	1	0	0	1	0	0	1	0
T221	0	0	1	1	0	1	0	0	0	0	0	0	0	0	0	0	0	0	0	0	0	0	1	0	0	0	0	0	0	0	0	1	0	0	0	0	0	0	0	0	0	1	0	0	0	0	0	0	0	0	0	0	1	0	0	0	1	0	0	0	0	0	0	0	0	0	0	0
T222	0	0	1	0	0	0	0	0	0	0	1	0	0	0	0	0	1	0	0	0	0	0	0	0	0	0	0	0	0	0	0	1	0	0	0	0	0	0	0	0	0	0	0	0	1	1	0	0	0	1	0	0	0	0	0	0	1	0	1	0	0	0	0	0	0	0	0	0
T223	0	0	0	0	0	0	0	0	0	0	0	0	0	0	0	0	1	0	0	0	0	0	0	0	0	0	0	0	1	0	0	1	0	0	0	0	0	0	0	0	0	0	0	0	0	0	0	0	0	1	0	0	0	1	0	0	1	1	1	0	0	0	0	0	0	0	1	0
T224	0	0	1	0	0	1	0	0	0	0	1	0	0	0	1	0	1	1	0	1	0	1	1	0	1	0	1	0	1	1	0	1	0	0	0	0	1	1	1	0	1	1	0	0	1	1	0	1	1	1	0	0	0	1	0	0	1	1	1	0	1	0	0	1	0	0	1	0
T225	0	0	0	0	0	1	1	0	0	0	1	0	0	0	1	0	1	1	0	0	0	1	1	0	1	0	1	0	1	1	0	1	0	0	0	0	1	1	1	0	1	1	0	0	1	0	0	1	1	1	0	0	0	1	0	0	1	1	1	0	1	0	0	1	0	0	1	0
T226	0	0	0	0	0	0	1	0	0	0	1	0	0	0	1	0	0	1	0	1	0	0	1	0	0	0	0	0	1	1	0	1	0	0	0	0	0	0	1	0	1	1	0	0	0	0	0	1	0	0	0	0	0	0	0	0	1	1	1	0	1	0	0	1	0	1	0	0
T227	1	0	1	0	0	1	1	0	0	0	1	0	1	0	1	1	1	1	0	1	0	0	1	0	0	0	0	0	1	1	0	1	0	0	0	0	1	0	1	0	1	1	0	0	1	1	0	1	1	1	0	0	0	1	0	0	1	1	1	0	1	0	1	1	0	1	1	0
T228	0	0	1	0	0	1	1	0	0	0	1	0	1	0	0	1	1	1	0	1	0	0	1	0	0	0	0	0	1	1	0	1	1	0	0	0	1	0	1	0	1	1	0	0	0	1	0	1	1	0	0	0	0	1	0	0	1	1	1	0	1	0	0	1	0	1	1	0
T229	1	1	1	0	0	0	1	0	0	0	1	1	1	0	0	1	0	1	1	1	0	0	1	1	0	0	0	0	1	1	0	1	0	0	0	0	1	1	1	0	1	1	0	0	1	1	0	0	0	0	1	0	0	1	0	1	1	1	1	0	0	0	0	1	0	1	1	0
T230	0	1	1	0	0	0	1	0	0	1	1	1	1	0	1	1	1	1	0	1	0	0	1	0	0	0	0	0	1	1	0	1	1	0	0	0	1	0	1	0	1	1	0	1	0	1	0	0	0	0	0	0	0	1	0	1	1	1	1	0	0	1	0	1	0	1	1	0
T231	0	0	0	0	0	0	0	0	0	0	0	0	0	0	0	0	0	0	0	0	0	0	0	0	0	0	0	0	0	0	0	1	0	0	0	0	0	0	0	0	0	0	0	0	0	0	0	0	0	0	0	0	0	0	0	0	1	0	0	0	0	0	0	1	0	0	0	0
T232	0	0	0	0	0	0	0	0	0	0	0	0	0	0	0	0	0	0	0	0	0	0	0	0	0	0	0	0	0	1	0	1	0	0	0	0	0	0	0	0	0	0	0	0	0	0	0	0	0	0	0	0	0	1	0	0	1	0	0	0	0	0	0	0	0	0	0	0
T233	0	0	0	0	0	0	0	0	0	0	0	0	0	0	0	0	0	0	0	1	0	0	0	0	0	0	0	0	1	1	0	1	0	0	0	0	1	0	0	0	0	0	0	0	0	0	0	1	0	0	0	0	0	1	0	0	1	1	1	0	1	0	0	1	0	0	1	0
T234	0	0	0	0	0	0	0	0	0	0	0	0	0	0	0	0	0	0	0	1	0	0	0	0	1	0	0	0	1	1	0	1	0	0	0	0	1	0	0	0	1	1	0	0	1	0	0	1	0	1	0	0	0	1	0	0	1	1	1	0	1	0	0	1	0	0	1	0
T235	0	0	0	0	0	0	0	0	0	0	0	0	0	0	0	0	0	0	0	1	0	0	0	0	0	0	0	0	1	1	0	1	0	0	0	0	1	0	0	0	1	0	0	0	0	1	0	1	0	0	0	0	0	1	0	0	1	1	1	0	1	0	0	1	0	0	1	0
T236	0	0	0	0	0	0	0	0	0	0	0	0	0	0	0	0	0	0	0	1	0	0	0	0	0	0	0	0	1	1	0	1	0	0	0	0	1	0	0	0	0	0	0	0	0	0	0	1	0	0	0	0	0	1	0	0	1	1	1	0	1	0	0	1	0	0	1	0
T237	0	0	0	0	0	0	0	0	0	0	1	0	0	0	0	0	0	0	0	1	0	0	0	0	0	0	0	0	0	0	0	1	0	0	0	0	1	0	1	0	0	0	0	0	0	0	0	0	0	1	0	0	1	1	0	0	1	1	1	0	0	0	0	0	0	0	1	0
T238	0	0	0	0	0	0	1	0	0	1	1	0	0	1	1	0	0	1	0	1	0	0	1	0	0	0	0	0	1	1	0	1	0	0	0	0	0	0	1	0	1	1	0	1	1	0	0	1	0	1	0	0	0	1	1	0	1	1	1	0	1	0	0	1	0	1	1	0
T239	0	0	0	0	0	0	1	0	0	1	1	0	0	1	1	1	0	1	0	1	0	0	1	0	0	0	0	0	1	1	0	1	0	0	0	0	0	0	1	0	1	1	0	1	1	0	0	1	0	1	1	0	0	1	1	0	1	1	1	0	1	0	0	1	0	1	1	0
T240	1	0	1	0	0	1	0	0	0	0	1	0	0	0	0	0	1	0	0	0	0	0	0	0	0	0	0	0	1	1	0	1	0	0	0	0	1	0	0	0	1	0	0	0	1	0	0	1	0	1	0	0	0	1	0	0	1	1	1	1	1	0	0	0	0	0	1	0
T241	0	0	1	0	0	1	0	0	0	0	1	0	0	0	0	0	0	0	0	0	0	0	0	0	0	0	0	0	1	1	0	1	0	0	0	0	1	0	0	0	1	0	0	1	1	1	0	1	1	1	0	0	0	1	0	0	1	1	1	1	1	0	0	0	0	0	1	0
T242	0	0	1	0	1	1	1	0	0	1	1	1	1	0	1	1	0	1	0	1	0	1	1	1	0	0	1	0	1	1	1	1	1	0	0	0	0	0	1	1	1	1	0	1	1	1	0	1	1	0	1	0	0	1	0	1	1	1	1	0	1	1	0	1	0	1	1	0
T243	0	0	0	0	0	0	0	0	0	0	1	0	0	0	0	0	0	0	0	0	0	0	0	0	0	0	0	0	1	1	0	1	0	0	0	0	1	0	0	0	1	0	0	0	0	1	0	1	1	0	0	0	0	1	0	0	1	1	1	0	0	0	0	1	0	0	0	0
T244	1	0	1	0	0	0	0	0	0	0	0	0	0	0	0	0	0	0	0	1	1	0	1	0	1	0	0	1	1	1	0	1	0	0	0	0	1	0	1	0	0	0	0	0	1	0	1	0	0	1	0	0	1	1	0	0	1	1	1	0	1	0	0	1	0	0	1	0
T245	0	0	1	0	0	1	1	1	0	0	1	0	0	0	0	1	1	0	1	1	0	1	1	0	0	0	0	0	1	1	0	1	1	0	1	0	1	0	1	0	0	1	0	0	1	1	0	1	0	0	0	0	0	1	0	1	1	1	1	0	1	1	0	1	0	1	1	0
T246	0	0	1	0	1	0	1	1	0	0	1	0	1	0	1	1	1	0	0	0	1	1	1	0	0	0	0	0	1	1	0	1	1	0	0	0	1	0	1	0	1	1	0	0	0	1	0	1	0	0	0	1	0	0	0	0	1	1	1	0	1	0	0	1	0	1	1	0
T247	0	0	1	0	1	0	1	0	0	0	1	0	0	0	1	1	1	0	0	0	0	1	1	0	0	0	0	0	1	1	0	1	1	0	0	0	1	0	1	0	1	1	0	0	0	1	0	1	0	0	0	1	0	1	0	0	1	1	1	0	1	0	0	1	0	0	1	0
T248	0	0	1	0	1	0	1	0	0	1	1	0	1	0	1	1	1	0	0	0	1	1	1	0	0	0	1	0	1	1	0	1	1	0	0	0	1	0	1	0	1	1	0	0	0	1	0	1	0	0	1	1	0	0	0	0	1	1	1	0	0	0	0	1	0	1	1	0
T249	1	0	1	0	0	1	1	1	0	0	1	1	0	0	1	1	1	1	1	1	1	1	1	1	0	0	1	0	1	1	0	1	0	0	0	0	1	0	1	0	1	1	0	1	1	0	0	0	1	0	0	0	0	1	0	0	1	1	1	0	1	0	0	1	0	1	1	0
T250	0	0	1	0	0	0	0	0	0	0	1	0	0	0	1	0	0	0	0	0	0	0	0	0	0	0	0	0	0	0	1	1	0	0	0	0	0	0	1	0	0	0	0	0	0	0	0	0	0	0	0	0	0	0	0	0	1	0	0	0	0	0	0	0	0	0	0	0
T251	0	0	1	0	1	0	0	0	0	0	0	0	0	0	1	0	0	0	1	0	0	1	1	0	0	0	1	0	0	0	0	1	1	0	0	0	0	0	0	0	0	0	0	0	1	0	0	1	1	0	0	0	1	1	0	1	1	1	0	1	1	0	0	0	0	1	0	0
T252	1	1	1	0	1	1	0	0	0	1	0	0	0	0	1	0	0	0	1	0	0	1	1	0	0	0	1	0	0	1	0	1	1	0	0	0	1	0	0	0	0	0	0	0	1	0	0	1	0	1	0	0	1	1	0	1	1	1	1	1	1	0	1	1	0	1	0	0
T253	1	1	0	0	0	0	1	0	0	0	0	0	0	0	0	0	0	0	0	1	0	0	1	0	0	0	0	0	1	1	0	1	0	0	0	0	1	0	0	0	1	0	0	0	1	0	0	0	0	0	0	0	1	1	0	1	1	1	0	0	1	0	0	1	0	0	1	0
T254	0	0	0	0	0	1	1	0	0	0	1	0	0	0	0	0	0	0	0	1	0	0	1	0	0	0	0	0	0	1	0	1	0	0	0	0	1	0	1	0	1	0	0	0	1	1	0	1	1	0	0	0	0	1	0	0	1	1	1	0	1	0	0	1	0	0	1	0
T255	0	0	0	0	0	1	0	0	0	0	0	0	0	0	0	0	0	0	0	0	0	0	1	0	0	0	0	0	0	1	0	1	0	0	0	0	1	0	1	0	1	0	0	0	0	1	0	1	0	0	0	0	0	0	0	0	1	0	1	0	1	0	0	1	0	0	1	0
T256	0	0	1	0	0	0	0	0	0	0	1	0	1	0	0	0	0	0	0	1	0	0	1	0	0	0	0	0	0	1	0	1	0	0	0	0	1	0	1	0	1	0	0	0	0	1	0	1	0	0	0	0	0	1	0	0	1	1	1	0	1	0	0	1	0	0	1	0
T257	1	0	0	0	0	1	0	0	0	0	0	0	0	0	0	0	0	1	1	0	0	0	1	0	0	0	0	0	0	0	0	1	0	0	0	0	0	0	0	0	1	0	1	0	0	0	0	0	0	0	1	0	0	0	0	0	1	0	0	0	0	0	0	0	0	1	0	0
T258	1	0	0	0	0	1	1	0	0	0	0	0	0	0	0	0	0	1	1	0	0	0	1	0	0	0	0	0	0	0	0	1	0	0	0	0	0	0	0	1	1	0	0	0	0	0	0	0	0	0	1	0	0	0	0	0	1	0	1	0	0	0	0	0	0	1	0	0
T259	0	0	1	0	0	0	1	0	0	0	1	0	0	0	0	1	1	1	0	1	0	0	1	0	0	0	0	0	1	1	0	1	1	0	0	0	1	0	1	0	1	0	0	0	0	0	0	0	0	0	0	0	0	1	0	0	1	1	1	0	0	0	0	1	0	0	1	0
T260	0	0	1	0	0	0	0	0	0	0	1	0	0	0	0	1	1	0	0	0	0	0	1	0	0	0	0	0	0	1	0	1	1	0	0	0	0	0	1	0	1	1	0	0	0	0	0	1	0	0	0	0	0	0	0	0	1	0	1	0	0	0	0	1	0	0	0	0
T261	1	0	1	0	0	1	1	0	0	0	1	0	0	0	0	0	1	0	0	1	1	0	0	0	0	0	0	0	1	0	0	1	1	0	0	0	1	0	1	0	1	1	0	0	1	0	0	1	1	0	0	0	0	1	0	0	1	1	1	0	0	0	0	1	0	0	1	0
T262	0	0	1	0	0	0	0	0	0	0	1	0	0	0	0	0	0	0	0	1	0	0	0	0	0	0	0	0	1	1	0	1	0	0	0	0	0	0	1	0	1	0	0	0	0	0	0	0	0	0	0	0	0	1	0	0	1	1	1	0	0	0	0	1	0	0	1	0
T263	0	0	0	0	0	0	0	0	0	0	1	0	0	0	0	1	1	1	0	1	1	0	0	0	1	0	0	0	1	1	0	1	1	0	0	0	0	0	1	0	1	1	0	0	1	0	0	0	0	1	0	0	0	1	0	0	1	1	1	0	1	0	0	1	0	0	1	0
T264	0	0	0	0	0	0	0	0	0	0	0	0	0	0	0	0	0	0	0	0	0	0	0	0	0	0	0	0	0	0	0	0	0	0	0	0	0	0	0	0	0	0	1	0	1	0	1	0	0	0	0	0	0	0	0	0	0	0	0	1	0	0	0	0	0	0	0	0
T265	0	1	1	0	0	0	0	0	0	1	0	0	0	0	0	0	1	0	1	1	0	0	1	0	0	0	0	0	1	1	0	1	1	0	0	0	0	0	0	0	0	0	0	0	0	0	0	1	0	0	0	0	0	1	0	1	1	1	1	0	1	0	0	1	0	0	1	0
T266	1	0	0	0	0	0	0	1	0	0	1	0	0	0	0	0	0	0	0	1	0	0	0	0	0	0	0	0	1	1	0	1	0	0	0	0	1	0	0	0	0	1	1	0	1	0	0	1	1	1	0	0	0	1	0	0	1	1	1	0	1	0	0	0	0	0	1	0
T267	0	0	1	0	0	0	1	0	0	0	0	0	0	0	0	0	0	1	0	1	0	1	1	0	0	0	1	0	0	1	0	1	1	0	0	0	0	0	0	0	1	1	0	0	0	1	0	0	0	0	0	0	1	1	0	1	1	1	0	0	1	0	0	1	0	0	1	0
T268	1	0	0	0	0	0	0	0	1	0	0	0	0	0	0	0	0	0	0	1	1	0	0	0	0	0	0	0	1	1	0	1	0	0	0	0	1	0	0	0	0	0	0	1	0	0	1	1	0	0	0	0	1	1	0	0	1	1	0	0	1	0	0	1	0	0	1	0
T269	0	0	1	0	0	0	1	1	0	0	1	0	0	0	0	0	0	0	0	0	0	0	1	0	0	0	0	0	0	1	0	1	0	0	0	0	0	0	0	0	0	0	0	0	1	0	0	0	0	0	0	0	0	1	0	0	1	1	1	0	0	0	0	0	0	0	0	0
T270	0	0	1	0	0	0	0	1	0	0	1	0	0	0	0	0	0	0	0	0	0	0	1	0	0	0	0	0	0	1	0	1	1	0	0	0	0	0	0	0	0	0	0	0	1	0	0	0	0	0	0	0	0	0	0	1	1	1	1	0	0	0	0	0	0	0	1	0
T271	0	0	0	0	0	0	0	0	0	0	0	0	0	0	0	0	0	0	0	1	0	0	0	0	0	0	0	0	0	1	0	1	0	0	0	0	0	0	0	0	0	0	0	0	0	0	0	1	0	0	0	0	0	1	0	0	1	1	1	0	1	0	0	0	0	0	0	0
T272	0	0	1	0	0	0	0	0	0	0	0	0	0	0	0	0	0	0	0	0	0	0	0	0	0	0	0	0	0	1	0	1	0	0	0	0	0	0	0	0	0	0	0	0	0	0	0	0	0	0	0	0	0	1	0	0	1	1	1	0	0	0	0	1	0	0	0	0
T273	0	0	1	0	0	0	0	0	0	0	0	0	0	0	0	0	0	0	0	0	0	0	0	0	0	0	0	0	0	1	0	1	0	0	0	0	0	0	0	0	1	0	0	0	0	0	0	1	0	0	0	0	0	0	0	0	1	0	0	1	1	0	0	0	0	0	0	0
T274	0	0	0	0	0	0	0	0	0	0	1	0	0	0	0	0	0	1	0	0	0	0	0	0	0	0	0	0	0	0	0	0	0	0	0	0	0	0	0	0	1	0	0	1	0	0	0	1	0	0	0	0	0	0	0	0	1	0	0	0	1	0	0	0	0	0	0	0
T275	0	0	0	0	0	0	0	1	0	0	1	0	0	0	0	0	0	1	0	1	0	0	0	0	0	0	0	0	0	1	0	1	0	0	0	0	0	0	1	0	1	1	0	1	0	1	0	1	0	0	0	0	0	1	0	0	1	1	1	0	1	0	0	0	0	0	0	0
T276	0	0	0	0	0	0	0	1	0	0	0	0	0	0	0	0	0	0	0	0	0	0	0	0	0	0	0	0	0	1	0	0	0	0	0	0	0	0	1	0	0	0	0	0	0	0	0	1	0	1	0	0	0	0	0	0	0	0	1	0	1	0	0	0	0	0	0	0
T277	0	0	1	0	0	0	0	0	0	0	0	0	0	0	0	0	0	0	0	1	0	0	0	0	0	0	0	0	0	1	0	0	0	0	0	0	0	0	0	0	0	0	0	0	0	0	0	1	0	0	0	0	0	0	0	0	0	0	0	0	1	0	0	0	0	0	0	0
T278	0	0	1	0	0	0	0	0	0	0	0	0	1	0	0	0	0	0	0	1	0	0	0	0	0	0	0	0	0	1	0	1	0	0	0	0	0	0	0	0	1	0	0	0	0	1	0	1	0	0	0	0	0	0	0	0	1	0	0	0	1	0	0	1	0	0	0	0
T279	0	0	1	0	0	0	0	0	0	0	0	0	0	0	0	0	0	0	0	1	0	0	0	0	0	0	0	0	0	1	0	1	0	0	0	0	0	0	0	0	0	0	0	0	0	0	0	1	0	0	0	0	0	1	0	0	0	0	1	0	1	0	0	0	0	0	0	0
T280	0	0	0	0	0	0	0	1	0	0	0	0	0	0	0	0	1	0	0	1	0	0	0	0	0	0	0	0	0	1	0	1	0	0	0	0	0	0	0	0	0	0	0	0	0	0	0	1	0	1	0	0	0	1	0	0	1	1	1	0	1	0	0	1	0	0	0	0
T281	0	0	1	0	0	0	0	0	0	0	0	0	0	0	0	0	1	0	0	1	0	0	1	0	0	0	0	0	0	1	0	1	0	0	0	0	0	0	0	0	0	0	0	0	0	0	0	1	0	0	0	0	0	0	0	0	1	0	1	0	1	0	0	0	0	0	0	0
T282	0	0	0	0	0	0	0	1	0	0	1	0	0	0	0	0	1	0	0	1	0	0	0	0	0	0	0	0	0	1	0	1	0	0	0	0	0	0	0	0	1	1	0	0	0	0	0	1	0	0	0	0	0	1	0	0	1	1	1	0	1	0	0	0	0	0	0	0
T283	0	0	1	0	0	0	0	0	0	0	1	0	0	0	0	0	0	1	1	0	0	0	1	0	1	0	1	0	0	0	0	1	0	0	0	0	0	0	0	0	1	0	0	0	1	1	0	0	0	0	1	0	0	0	0	1	1	0	0	0	0	0	0	0	0	0	0	0
T284	0	0	0	0	0	0	0	0	0	0	0	0	0	0	0	0	0	0	0	0	0	0	0	0	0	0	0	0	0	1	0	1	0	0	0	0	0	0	0	0	0	0	0	1	0	0	0	1	0	1	0	0	0	1	0	0	1	1	1	1	0	0	0	0	0	0	1	0
T285	0	0	1	0	1	0	0	0	0	0	0	0	0	0	0	0	0	1	1	0	0	0	1	0	0	0	0	0	0	0	0	0	0	0	0	0	0	0	0	1	1	0	0	0	0	0	0	0	0	0	1	0	0	0	0	1	0	0	0	0	0	0	0	0	1	0	0	0
T286	0	0	1	0	0	0	0	0	0	0	0	0	0	0	0	0	0	1	1	0	0	0	1	0	0	0	0	0	0	1	0	0	1	0	0	0	0	0	0	1	1	0	0	0	0	0	0	0	0	0	1	0	0	0	0	1	0	0	0	0	0	0	0	0	1	0	0	0
T287	0	0	1	0	0	0	0	0	0	0	0	0	0	0	0	0	0	0	1	0	0	0	1	0	0	0	0	0	0	0	0	1	0	0	0	0	0	0	0	0	0	0	0	0	0	0	0	1	0	0	0	0	0	0	0	1	1	0	0	0	0	0	0	0	0	0	0	0
T288	0	0	1	0	0	0	0	0	0	0	0	0	0	0	0	0	0	0	1	0	0	0	1	0	0	0	0	0	0	0	0	1	1	0	0	0	0	0	0	0	0	0	0	0	0	0	0	1	0	0	1	0	0	0	0	1	1	0	1	0	0	0	0	0	0	0	0	0
T289	1	0	0	0	0	0	0	0	0	0	1	0	0	0	0	0	0	0	0	0	0	0	0	0	1	0	0	0	0	1	0	1	0	0	0	0	1	0	1	0	0	1	0	1	0	0	0	1	0	0	0	0	0	0	0	0	1	0	1	0	1	0	0	1	0	0	0	0
T290	1	0	0	0	0	0	0	0	0	0	1	0	0	0	0	0	0	0	0	0	0	0	0	0	1	0	0	0	0	1	0	1	0	0	0	0	1	0	1	0	0	0	0	0	1	0	0	1	0	0	0	0	0	0	0	0	1	0	1	0	1	0	0	1	0	0	1	0
T291	0	0	1	0	0	0	0	0	0	0	1	0	0	0	0	0	0	0	0	1	1	0	1	0	0	0	0	0	1	1	0	1	0	0	0	0	1	0	0	0	0	1	0	0	0	0	0	1	0	0	0	0	1	1	0	0	1	1	1	0	0	0	0	1	0	0	1	0
T292	1	0	0	0	0	0	1	0	0	0	0	0	0	0	0	0	0	0	0	0	0	0	0	0	1	0	0	0	1	1	0	1	0	0	0	0	0	0	0	0	0	0	0	0	1	0	0	1	0	1	0	0	0	1	0	0	1	1	1	0	1	0	0	1	0	0	1	0
T293	1	0	0	0	0	0	0	0	0	0	0	0	0	0	0	0	0	0	0	0	0	0	0	0	1	0	0	0	1	1	0	1	0	0	0	0	0	0	1	0	0	0	0	0	1	0	0	1	0	1	0	0	0	0	0	0	1	1	1	0	1	0	0	1	0	0	0	0
T294	1	0	0	0	0	0	0	0	0	0	0	0	0	0	0	0	0	0	0	0	0	0	0	0	1	0	0	0	1	1	0	1	0	0	0	0	0	0	0	0	0	1	0	0	1	0	0	1	0	1	0	0	0	1	0	0	1	1	1	0	1	0	0	1	0	0	1	0
T295	1	0	1	1	0	1	1	0	1	1	1	0	0	0	0	0	0	0	0	1	1	0	1	0	0	0	0	0	0	1	0	1	1	0	0	0	0	0	1	0	0	1	0	0	0	1	1	0	1	0	0	0	1	1	0	0	1	1	1	0	1	1	0	1	0	0	1	0
T296	1	0	1	1	0	1	0	0	0	0	0	0	0	0	0	0	0	0	0	1	0	0	1	0	0	0	0	0	0	1	0	1	0	0	0	0	0	0	0	0	0	1	0	0	0	0	0	1	0	0	0	0	1	0	0	1	1	1	1	0	1	0	0	1	0	0	1	0
T297	1	0	1	1	0	1	0	0	0	0	0	0	0	0	0	0	0	0	0	1	0	0	1	0	0	0	0	0	0	0	0	0	0	0	0	0	0	0	0	0	0	1	0	0	0	0	1	0	0	0	0	0	1	1	0	0	1	1	0	0	1	0	0	0	0	0	1	0
T298	0	1	1	0	0	1	1	0	0	1	1	1	1	0	1	1	0	1	1	1	0	1	1	0	0	0	0	1	1	1	0	1	1	0	0	1	1	1	0	1	1	1	0	1	1	1	0	1	0	0	0	0	0	1	0	1	1	1	1	0	1	1	0	1	1	1	1	1
T299	0	1	1	0	0	0	1	0	0	1	1	1	1	1	1	1	0	1	1	1	1	1	1	0	1	0	0	1	1	1	0	1	1	0	0	1	1	1	0	1	1	1	0	1	1	1	0	1	0	0	0	0	0	1	0	1	1	1	1	0	1	1	0	1	1	1	1	1
T300	0	0	0	0	0	0	0	0	0	0	0	0	0	0	0	0	0	0	0	0	0	0	0	0	0	0	0	0	1	1	0	1	0	0	0	0	1	0	0	0	0	0	0	0	0	0	0	1	1	0	0	0	0	1	0	0	1	1	0	0	0	0	0	0	0	0	1	0
T301	0	0	1	0	0	0	0	0	0	0	0	0	0	0	0	0	0	1	0	1	0	0	1	0	0	0	0	0	0	1	0	1	0	0	0	0	1	0	0	1	1	0	0	1	1	1	0	0	0	0	1	0	0	0	0	1	1	1	1	0	1	0	0	0	0	0	1	0
T302	0	0	0	0	0	1	0	0	0	0	0	0	0	0	0	0	0	0	0	0	0	0	0	0	0	0	0	0	0	0	0	1	0	0	0	0	0	0	0	0	0	0	0	0	0	0	0	0	0	0	0	0	0	0	0	0	1	0	0	0	0	0	0	0	0	0	0	0
T303	1	0	1	1	0	1	0	0	0	0	1	0	0	0	0	0	0	0	0	0	1	0	1	0	0	0	0	0	0	1	0	1	0	0	0	0	0	0	0	0	0	1	0	0	0	0	0	0	0	0	0	0	1	0	0	1	1	0	1	0	1	0	0	0	0	0	0	0
T304	1	0	1	1	0	1	0	0	0	0	1	0	0	0	0	0	0	0	0	0	1	0	1	0	0	0	0	0	0	1	0	1	0	0	0	0	0	0	0	0	0	1	0	0	0	0	0	0	0	0	0	0	1	1	0	1	1	1	0	0	1	0	0	0	0	0	1	0
T305	1	0	0	0	1	1	0	0	0	0	1	0	0	0	0	0	0	0	0	1	1	0	0	0	0	0	1	0	1	1	0	1	0	0	0	0	1	0	0	0	0	1	0	0	0	0	0	0	1	1	0	0	1	1	0	0	1	1	1	0	1	0	0	1	0	1	1	0
T306	1	0	0	0	1	1	0	1	0	0	1	0	0	0	0	0	0	0	0	1	0	0	0	0	0	0	1	0	1	1	0	1	0	0	0	0	1	0	0	0	0	1	0	0	1	0	0	1	0	1	0	0	1	1	0	0	1	1	1	0	1	0	0	1	0	1	1	0
T307	0	0	0	0	0	0	0	0	0	0	0	0	0	0	0	0	0	0	0	0	0	0	0	0	0	0	0	0	0	0	1	1	0	0	0	0	0	0	0	0	0	0	1	0	1	0	1	0	0	0	0	0	0	0	0	0	0	0	0	1	0	0	0	0	0	0	0	0
T308	0	0	0	0	0	0	0	0	0	0	0	0	0	0	0	0	0	0	0	0	0	0	0	0	0	0	0	0	0	0	1	1	0	0	0	0	1	0	0	0	0	0	1	0	1	0	1	0	0	0	0	0	0	0	0	0	1	0	0	1	0	0	0	0	0	0	0	0
T309	0	0	0	0	0	0	0	0	0	0	0	0	0	0	0	0	0	0	0	0	0	0	0	0	0	0	0	0	0	0	0	1	0	0	0	0	0	0	0	0	0	0	1	0	1	0	1	0	0	0	0	0	0	0	0	0	0	0	0	1	0	0	0	0	0	0	0	0
T310	0	0	0	0	0	0	0	0	0	0	0	0	0	0	0	0	0	0	0	0	0	0	0	0	0	0	0	0	0	0	0	1	0	0	0	0	0	0	0	0	0	0	1	0	1	0	1	0	0	0	0	0	0	0	0	0	0	0	0	1	0	0	0	0	0	0	0	0
T311	0	0	0	0	0	0	0	0	0	0	0	0	0	0	0	0	0	0	0	0	0	0	0	0	0	0	0	0	0	0	0	1	0	0	0	0	0	0	0	0	0	0	1	0	1	0	1	0	0	0	0	0	0	0	0	0	0	0	0	1	0	0	0	0	0	0	0	0
T312	0	0	0	0	0	0	0	0	0	0	0	0	0	0	0	0	0	0	0	0	0	0	0	0	0	0	0	0	0	0	0	1	0	0	0	0	0	0	0	0	0	0	1	0	1	0	1	0	0	0	0	0	0	0	0	0	0	0	0	1	0	0	0	0	0	0	0	0
T313	0	0	0	0	0	0	0	0	0	0	0	0	0	0	0	0	0	0	0	0	0	0	0	0	0	0	0	0	0	0	0	1	0	0	0	0	0	0	0	0	0	0	1	0	1	0	1	0	0	0	0	0	0	0	0	0	0	0	0	1	0	0	0	0	0	0	0	0
T314	0	0	0	0	0	0	0	0	0	0	0	0	0	0	0	0	0	0	0	0	0	0	0	0	0	0	0	0	0	0	0	1	0	0	0	0	1	0	0	0	0	0	1	0	1	0	1	0	0	0	0	0	0	0	0	0	1	0	0	1	1	0	0	0	0	0	0	0
T315	0	0	0	0	0	0	0	0	0	0	0	0	0	0	0	0	0	0	0	0	0	0	0	0	0	0	0	0	0	0	0	1	0	0	0	0	0	0	0	0	0	0	1	0	1	0	1	0	0	0	0	0	0	0	0	0	0	0	0	1	0	0	0	0	0	0	0	0
T316	0	0	0	0	0	0	0	0	0	0	0	0	0	0	0	0	0	0	0	0	0	0	0	0	0	0	0	0	0	0	0	0	0	0	0	0	0	0	0	0	0	0	1	0	1	0	1	0	0	0	0	0	0	0	0	0	0	0	0	1	0	0	0	0	0	0	0	0
T317	0	0	0	0	0	0	0	0	0	0	0	0	0	0	0	0	0	0	0	0	0	0	0	0	0	0	0	0	0	0	0	1	0	0	0	0	0	0	0	0	0	0	1	0	1	0	1	0	0	0	0	0	0	0	0	0	0	0	0	1	0	0	0	0	0	0	0	0
T318	0	0	0	0	0	0	0	0	0	0	0	0	0	0	0	0	0	0	0	0	0	0	0	0	0	0	0	0	0	0	0	1	0	0	0	0	0	0	0	0	0	0	1	0	1	0	1	0	0	0	0	0	0	0	0	0	0	0	0	1	0	0	0	0	0	0	0	0
T319	0	0	0	0	0	0	0	0	0	0	0	0	0	0	0	0	0	0	0	0	0	0	0	0	0	0	0	0	0	0	0	1	0	0	0	0	0	0	0	0	0	0	1	0	1	0	1	0	0	0	0	0	0	0	0	0	0	0	0	1	0	0	0	0	0	0	0	0
T320	0	0	0	0	0	0	0	1	0	0	0	0	0	0	0	0	0	0	0	0	0	0	0	0	0	0	0	0	0	0	0	1	0	0	0	0	0	0	0	0	0	0	1	0	1	0	1	1	0	0	0	0	0	0	0	0	0	0	0	1	0	0	0	0	0	0	0	0
T321	0	0	0	0	0	0	0	0	0	0	0	0	0	0	0	0	0	0	0	0	0	0	0	0	0	0	0	0	0	0	0	1	0	0	0	0	0	0	0	0	0	0	1	0	1	0	1	0	0	0	0	0	0	0	0	0	1	0	0	1	1	0	0	0	0	0	0	0
T322	1	0	0	0	0	0	0	0	0	0	0	0	0	0	0	0	0	0	0	0	0	0	0	0	0	0	0	0	0	0	1	1	0	1	0	0	0	0	0	0	0	0	1	1	1	1	0	1	0	1	0	0	0	0	0	0	1	0	1	1	1	0	0	0	0	0	0	0
T323	1	0	0	0	0	1	0	0	0	0	0	0	0	0	0	0	0	0	0	0	1	0	0	0	1	0	0	0	1	0	0	1	0	0	0	1	1	0	0	0	0	0	0	0	1	0	0	0	1	0	0	0	0	0	0	0	1	0	0	0	0	0	0	0	0	0	0	0
T324	1	0	0	0	0	1	0	0	0	0	0	0	0	0	0	0	0	0	0	0	1	0	0	0	1	0	0	0	1	0	0	1	0	0	0	0	1	0	0	0	0	0	0	0	1	0	0	0	1	0	0	0	0	0	0	0	1	0	0	0	0	0	0	0	0	0	0	0
T325	1	0	0	0	0	1	0	0	0	0	0	0	0	0	0	0	0	0	0	0	1	0	0	0	1	0	1	0	1	0	0	1	0	0	0	1	1	0	0	0	0	0	0	0	1	0	0	0	1	0	0	0	0	1	0	0	1	1	0	0	0	0	0	0	0	0	0	0
T326	1	0	0	0	0	0	0	0	0	0	1	0	0	0	0	0	1	0	0	1	0	0	0	0	0	0	0	0	1	1	0	1	0	0	0	0	1	0	0	0	0	1	0	0	0	0	0	1	1	0	0	0	0	1	0	0	1	1	1	1	1	0	0	1	0	0	1	0
T327	0	0	0	0	0	1	0	0	0	0	0	0	0	0	0	0	0	0	0	1	1	0	0	0	1	0	0	0	0	0	0	0	0	0	0	0	0	0	0	0	0	0	0	0	1	1	0	1	1	0	1	0	0	0	0	0	1	0	0	1	0	0	0	0	0	0	0	0
T328	1	0	0	0	0	0	0	0	0	0	0	0	0	0	0	0	0	0	0	1	0	0	0	0	0	0	0	0	1	1	0	1	0	0	0	0	1	0	0	0	0	1	0	0	0	0	0	1	1	0	0	0	0	1	0	0	1	1	0	1	1	0	0	1	0	0	1	0
T329	0	0	0	0	0	1	0	1	0	0	0	0	0	0	0	0	0	0	0	0	0	1	1	0	0	0	1	1	0	0	0	0	0	0	0	0	0	0	0	1	1	0	1	0	1	1	0	1	0	0	0	1	0	0	0	0	0	0	1	1	1	0	0	0	0	0	0	0
T330	1	0	1	0	0	0	0	0	0	0	0	0	0	0	0	0	0	0	0	0	1	0	0	0	1	0	0	0	0	0	0	1	1	0	0	0	1	0	0	0	0	0	0	0	1	0	0	1	1	0	0	0	0	0	0	0	1	0	1	0	0	0	0	0	0	0	0	0
T331	1	0	1	0	0	0	0	0	0	0	0	0	0	0	0	0	0	0	0	0	1	0	0	0	1	0	0	0	0	0	0	1	0	0	0	0	1	0	0	0	0	0	0	0	0	0	0	1	1	0	0	0	0	0	0	0	1	0	1	0	0	0	0	0	0	0	0	0
T332	0	0	0	0	0	0	0	0	0	0	1	0	0	0	0	0	0	1	0	0	0	0	0	0	0	0	0	0	0	0	0	0	0	0	0	0	0	0	0	0	1	0	0	0	0	0	0	0	0	0	0	0	0	0	0	0	0	0	0	0	0	0	0	0	0	0	0	0
T333	1	0	0	0	0	1	0	0	0	0	1	0	0	0	0	0	0	0	0	1	1	0	0	0	1	0	0	0	1	1	0	1	0	0	0	0	1	0	0	0	0	0	0	0	0	0	0	1	1	0	0	0	0	1	0	0	1	1	1	0	1	0	1	1	0	0	1	0
T334	1	0	0	0	0	0	1	0	0	0	1	0	0	0	0	0	0	0	0	1	0	0	0	0	1	0	0	0	1	1	0	1	0	0	0	0	1	0	0	0	0	0	0	0	0	0	0	1	1	0	0	0	0	1	0	0	1	1	1	0	0	0	1	1	0	0	1	0
T335	0	0	0	0	0	0	0	0	1	0	1	0	0	0	0	0	0	0	0	1	0	0	0	0	1	0	0	0	1	1	0	1	0	0	0	0	0	0	0	0	0	0	0	0	1	0	0	1	0	1	0	0	0	1	0	0	1	1	1	0	1	0	1	1	0	0	1	0
T336	0	0	0	0	0	0	0	1	0	0	1	0	0	0	0	0	0	0	0	0	0	0	0	0	0	0	0	0	0	0	0	1	0	0	0	0	0	0	0	0	0	0	0	0	0	0	0	1	0	1	0	0	0	0	0	0	1	0	1	0	1	0	0	0	0	0	0	0
T337	0	0	0	0	0	0	0	1	0	0	1	0	0	0	0	0	0	0	0	1	0	0	0	0	0	0	0	0	0	0	0	1	0	0	0	0	0	0	0	0	0	1	0	0	1	0	0	1	0	1	0	0	0	0	0	0	1	1	1	0	1	0	0	0	0	0	0	0
T338	0	0	1	0	0	0	0	1	0	0	0	0	0	0	0	0	0	0	0	0	0	0	0	0	0	0	0	0	0	0	0	1	1	0	0	0	0	0	0	0	1	0	0	0	1	0	0	1	0	1	0	0	0	0	0	0	1	0	1	0	1	0	0	0	0	0	0	0
T339	0	0	0	0	0	1	1	0	0	1	0	0	0	0	0	1	1	0	0	0	0	1	1	0	0	0	0	1	1	1	0	1	1	0	1	0	1	0	0	0	0	1	0	1	1	1	1	1	1	1	0	0	0	1	0	1	1	1	1	0	1	1	0	1	0	1	1	0
T340	1	0	0	0	0	1	0	0	0	0	1	0	0	0	0	0	0	0	0	0	1	0	0	0	1	0	0	0	0	0	0	1	0	0	0	0	1	0	0	0	0	0	0	0	0	0	0	1	1	0	0	0	0	0	0	0	1	0	1	0	0	0	1	0	0	0	0	0
T341	1	0	0	0	0	1	0	0	0	0	1	0	0	0	0	0	0	0	0	0	1	0	0	0	1	0	0	0	0	0	0	1	0	0	0	0	1	0	0	0	0	0	0	0	1	0	0	0	1	1	0	0	0	0	0	0	1	0	1	0	1	0	0	0	0	0	0	0
T342	1	0	0	0	0	1	0	0	0	0	0	0	0	0	0	0	0	0	0	0	1	0	0	0	1	0	0	0	0	0	0	1	0	0	0	0	1	0	0	0	0	0	0	0	1	0	0	0	1	0	0	0	0	0	0	0	1	0	0	0	0	0	0	0	0	0	0	0
T343	0	0	0	0	0	0	0	0	0	0	0	0	0	0	0	0	0	0	0	0	0	0	0	0	1	0	0	0	0	0	0	1	0	0	0	0	0	0	0	0	0	0	0	0	0	0	0	0	1	0	0	0	0	0	0	0	1	0	0	0	0	0	0	0	0	0	0	0
T344	1	0	1	0	0	1	0	0	0	0	1	0	0	0	0	0	0	0	0	1	1	0	0	0	1	0	0	0	0	0	0	1	0	0	0	0	1	0	0	0	0	0	0	0	0	0	0	0	1	0	0	0	0	1	0	0	1	1	1	0	0	0	0	1	0	0	1	0
T345	0	0	1	0	0	1	0	1	1	0	0	0	0	0	0	0	1	0	0	0	0	0	0	0	1	0	1	0	1	1	0	1	0	0	0	0	0	0	1	0	0	0	0	0	0	0	0	0	0	0	0	0	1	1	0	0	1	1	1	0	0	0	0	0	0	0	1	0
T346	0	0	1	0	0	1	0	1	0	0	0	0	0	0	0	0	0	0	0	0	0	0	0	0	0	0	0	0	1	1	0	1	0	0	0	0	1	0	1	0	0	0	0	0	0	0	0	0	1	0	0	0	1	1	0	0	1	1	1	0	0	0	0	0	0	0	1	0
T347	1	0	1	0	0	1	0	1	0	0	1	0	0	0	0	0	1	0	0	0	0	0	1	0	1	0	0	0	1	1	0	1	0	0	0	0	1	0	1	0	0	0	0	0	0	0	0	1	0	0	0	0	1	1	0	0	1	1	1	1	1	0	0	0	0	0	1	0
T348	1	0	0	0	0	0	0	0	0	0	0	0	0	0	0	0	0	0	0	0	1	0	0	0	1	0	0	0	0	1	0	1	0	0	0	0	1	0	0	0	0	0	0	0	0	0	0	0	0	0	0	0	0	0	0	0	1	0	1	0	1	0	0	0	0	0	1	0
T349	1	0	0	0	0	0	0	0	0	0	0	0	0	0	0	0	0	0	0	0	1	0	0	0	1	0	0	0	0	1	0	1	0	0	0	0	1	0	0	0	0	0	0	0	1	0	0	1	1	1	0	0	0	0	0	0	1	0	1	0	1	0	0	0	0	0	0	0
T350	1	0	1	0	0	1	1	1	0	0	0	0	1	0	0	0	1	0	0	1	0	1	0	0	1	0	0	0	0	1	0	1	0	0	0	0	1	0	0	0	0	0	0	0	1	1	0	1	0	0	0	0	0	1	0	0	1	1	0	0	1	0	0	0	0	0	0	0
T351	1	0	1	0	0	0	0	0	0	0	0	0	0	0	0	0	0	0	0	0	0	0	0	0	1	0	0	0	0	1	0	1	0	0	0	0	1	0	0	0	0	0	0	0	0	0	0	0	0	0	0	0	0	0	0	0	1	0	1	0	0	0	0	0	0	0	0	0
T352	1	0	0	0	0	0	0	0	0	0	0	0	0	0	0	0	0	0	0	1	0	0	0	0	0	0	0	0	1	1	0	1	0	0	0	0	1	0	0	0	0	1	0	0	0	0	0	0	1	0	0	0	0	1	0	0	1	1	1	0	1	0	0	1	0	0	1	0
T353	0	0	1	0	0	1	0	1	0	0	1	0	0	0	0	0	1	0	1	0	0	0	1	0	0	0	0	0	1	1	0	1	0	0	1	0	1	0	1	0	1	1	0	0	0	0	0	1	0	0	0	0	0	1	0	0	1	1	1	0	1	0	0	1	0	0	1	0
T354	0	0	0	0	0	0	0	0	0	0	1	0	0	0	1	0	0	1	0	0	0	0	0	0	0	0	0	0	0	1	0	1	0	0	0	0	1	0	0	0	1	0	0	0	1	0	0	0	0	1	1	0	0	0	0	0	1	0	1	0	1	0	0	0	0	1	0	0
T355	0	0	1	0	0	0	0	0	0	0	0	0	1	0	0	0	0	1	0	0	0	0	1	1	0	0	0	1	0	0	0	0	0	0	0	0	0	1	0	1	1	0	1	1	0	1	0	1	0	0	1	0	0	0	0	1	0	0	0	0	0	0	0	0	0	0	0	0
T356	0	1	1	0	0	0	1	0	0	1	1	1	1	0	1	1	0	1	1	1	0	1	1	0	0	0	0	0	1	1	0	1	1	0	0	0	1	1	0	1	1	1	0	0	1	1	0	1	0	1	0	0	0	1	0	1	1	1	1	0	1	0	0	1	0	1	1	0
T357	0	1	1	0	0	0	1	0	0	1	1	1	1	0	1	1	1	1	1	1	0	1	1	0	1	0	0	0	1	1	0	1	1	0	0	0	1	1	0	1	1	1	0	0	1	1	0	1	0	1	0	0	0	1	0	1	1	1	1	0	1	0	1	1	0	1	1	1
T358	1	1	1	0	0	0	1	0	0	1	0	0	1	0	0	0	1	1	0	1	0	0	1	0	0	0	0	0	1	1	0	1	1	0	0	0	1	0	0	0	0	1	0	0	1	1	0	1	0	1	0	0	0	1	0	1	1	1	1	0	1	0	0	1	0	0	1	0
T359	1	1	1	0	0	0	1	0	0	1	1	0	1	0	0	1	0	0	0	1	0	0	1	0	0	0	0	0	1	1	0	1	1	0	0	0	1	0	0	0	1	1	0	0	1	1	0	1	0	1	0	0	0	1	0	1	1	1	1	0	1	0	0	1	0	0	1	0
T360	1	0	0	0	0	0	1	1	0	0	1	0	0	0	1	0	1	0	0	1	0	0	0	0	0	0	0	0	1	1	0	1	0	0	0	0	1	0	0	0	0	1	0	0	0	0	0	1	1	1	0	0	0	1	0	0	1	1	0	1	1	0	0	1	0	0	1	0
T361	1	0	1	0	0	0	0	0	0	0	0	0	0	0	0	0	0	0	0	1	0	0	0	1	0	0	0	0	0	1	0	1	0	0	0	1	1	0	0	0	0	0	1	1	1	1	1	1	0	1	0	0	1	1	0	0	1	1	0	1	1	0	0	1	0	0	0	0
T362	1	0	0	0	0	0	1	1	0	0	1	0	0	0	0	0	1	0	0	1	0	0	0	0	0	0	0	0	1	1	0	1	0	0	0	0	1	0	0	0	0	1	0	0	0	0	0	1	1	1	0	0	0	1	0	0	1	1	1	0	1	0	0	1	0	0	1	0
T363	0	1	1	0	0	0	1	0	0	0	0	0	1	0	0	0	1	0	0	1	0	0	1	0	0	0	0	0	1	1	0	0	1	0	0	0	0	0	0	0	1	1	0	1	0	1	0	0	0	0	0	0	0	1	0	0	0	1	0	0	1	0	0	1	0	0	1	0
T364	0	1	1	0	1	0	1	0	0	1	1	1	1	0	1	1	1	1	1	0	0	1	1	1	0	0	1	0	0	1	1	1	0	0	0	0	0	1	0	0	1	0	0	1	1	1	0	1	0	0	1	0	0	0	0	1	1	0	1	1	1	0	0	0	0	1	0	0
T365	0	0	1	0	0	0	1	0	0	0	0	0	0	0	0	0	1	0	0	0	0	1	1	0	0	0	0	0	0	1	0	1	0	0	0	0	0	0	0	0	0	0	0	0	1	0	0	1	0	1	0	0	0	0	0	0	1	1	1	1	1	0	0	1	0	1	1	0
T366	0	0	1	0	0	1	0	0	0	1	1	0	0	0	0	0	1	0	0	0	0	0	1	0	0	0	0	0	1	1	0	1	0	0	0	0	1	0	1	0	0	0	0	0	1	0	0	0	0	0	0	0	0	1	0	0	1	1	1	0	1	0	0	0	0	0	0	0
T367	1	0	1	0	0	1	0	0	0	0	1	0	0	0	0	0	1	0	0	1	0	0	0	0	1	0	0	0	0	1	0	1	0	0	0	0	1	0	0	0	0	0	0	0	0	0	0	1	0	1	0	0	0	1	0	0	1	1	1	0	1	0	1	0	0	0	0	0
T368	0	0	1	0	0	1	0	0	0	0	1	0	0	0	0	0	1	0	0	1	0	0	1	0	1	0	0	0	0	1	0	1	1	0	0	0	1	0	0	0	0	1	0	0	0	0	0	1	0	1	0	0	0	1	0	0	1	1	1	0	1	0	1	0	0	1	0	0
T369	0	0	1	0	0	0	1	0	0	0	0	0	0	0	0	0	1	0	0	0	0	0	1	0	0	0	0	0	1	0	0	1	0	0	1	0	1	0	0	0	0	1	0	0	1	1	0	1	1	0	0	0	0	0	0	0	1	0	1	0	1	0	0	1	0	0	1	0
T370	0	0	1	0	0	1	0	0	0	0	0	0	0	0	0	0	0	0	0	1	1	0	0	0	0	0	0	0	1	1	0	1	1	0	0	0	1	0	0	0	0	0	0	0	0	0	0	0	1	0	0	0	0	1	0	0	1	1	1	0	0	0	0	0	0	0	1	0
T371	1	0	0	0	0	0	0	1	1	0	0	0	0	0	0	0	0	0	0	0	0	1	0	0	1	0	1	0	0	1	0	1	0	0	0	0	0	0	0	0	0	0	0	0	1	0	0	1	0	1	0	0	0	1	0	0	1	1	0	0	1	0	0	0	0	0	0	0
T372	0	0	1	0	0	0	0	0	0	0	0	0	0	0	0	0	0	0	0	1	1	0	0	0	0	0	0	0	0	0	0	1	1	0	0	0	1	0	0	0	0	0	0	0	0	0	0	0	1	0	0	0	1	1	0	0	1	1	0	0	1	0	0	0	0	0	1	0
T373	1	0	0	0	0	0	0	1	0	0	0	0	0	0	0	0	0	0	0	0	0	0	0	0	1	0	0	0	0	1	0	1	0	0	0	0	0	0	0	0	0	1	0	0	1	0	0	1	0	1	0	0	0	1	0	0	1	1	0	0	1	0	0	0	0	0	0	0
T374	0	0	0	0	0	1	0	1	0	0	0	0	0	0	0	0	0	0	0	1	1	0	0	0	0	0	0	0	1	1	0	1	0	0	1	0	1	0	1	0	0	0	0	0	1	0	0	1	1	0	0	0	0	1	0	0	1	1	1	0	1	0	0	1	0	0	1	0
T375	0	0	0	0	0	1	0	0	1	0	0	0	0	0	1	0	0	0	0	0	0	0	0	0	0	0	0	0	0	0	0	1	0	0	0	0	0	0	0	0	0	0	0	0	0	0	0	1	0	1	1	0	0	1	0	0	1	1	1	1	1	0	1	0	0	1	0	0
T376	0	0	0	0	0	1	0	0	0	0	1	0	0	0	0	0	0	0	0	1	1	0	0	0	0	0	0	0	1	1	0	1	0	0	0	0	1	0	0	0	0	1	0	0	1	0	1	1	1	0	0	0	0	1	0	0	1	1	1	0	1	0	0	1	0	0	1	0
T377	0	0	0	0	0	1	0	0	0	0	1	0	0	0	0	0	0	0	0	1	1	0	1	0	0	0	0	0	1	1	0	1	0	0	0	0	1	0	1	0	0	0	0	0	0	0	0	0	1	0	0	0	0	1	0	0	1	1	1	0	1	0	0	1	0	0	1	0
T378	0	0	1	0	0	1	0	1	0	0	0	0	0	0	0	0	0	0	0	0	0	0	0	0	0	0	0	0	0	1	0	1	0	0	0	0	0	0	0	0	0	0	0	0	0	0	0	0	0	1	0	0	0	1	0	0	1	1	1	0	1	0	1	0	0	0	0	0
T379	0	0	0	0	0	1	0	0	0	0	1	0	0	0	0	0	0	0	0	1	1	0	0	0	0	0	0	0	1	1	0	1	0	0	0	0	1	0	0	0	0	1	0	0	1	0	1	0	1	1	0	0	0	1	0	0	1	1	1	0	0	0	0	0	0	0	1	0
T380	0	0	1	0	1	1	0	1	1	0	0	0	0	0	0	0	0	0	0	0	0	0	0	0	0	0	0	0	0	0	0	1	0	0	0	0	0	0	0	0	0	0	0	0	1	0	0	0	0	1	1	0	0	0	0	1	1	0	1	1	1	0	1	0	0	1	0	0
T381	1	0	1	0	0	1	0	0	0	1	1	0	0	0	0	0	1	0	0	1	1	0	1	0	0	0	0	0	0	1	0	1	1	0	0	0	1	0	0	0	0	1	0	0	1	0	0	0	1	0	0	0	0	1	0	0	1	1	1	0	1	0	0	0	0	1	1	0
T382	0	0	0	0	1	0	0	0	0	0	0	0	0	0	0	0	1	1	0	1	0	1	0	0	0	0	1	0	1	1	0	1	0	0	0	0	0	0	0	0	0	0	0	0	0	0	0	1	0	1	0	0	0	1	0	0	1	1	1	0	1	0	0	0	0	0	1	0
T383	0	0	0	0	0	0	0	0	0	0	0	0	0	0	0	0	1	0	0	0	0	0	0	0	0	0	0	0	1	1	0	1	0	0	0	0	0	0	0	0	1	0	0	0	0	0	0	1	0	1	0	0	0	1	0	0	1	1	1	0	1	0	0	1	0	0	1	0
T384	1	0	1	0	0	0	0	0	0	0	0	0	0	0	0	0	0	0	0	1	0	0	0	0	1	0	0	0	0	1	0	1	1	0	0	0	1	0	0	0	0	0	0	1	0	0	0	0	1	0	0	0	0	1	0	0	1	1	0	0	1	0	0	0	0	0	1	0
T385	0	0	1	0	0	0	1	0	0	0	1	0	0	0	0	0	0	1	0	0	0	0	1	0	0	0	0	0	1	1	0	1	0	0	1	0	1	0	1	0	1	0	0	1	1	1	0	1	0	0	0	0	0	1	0	0	1	1	1	0	1	0	0	1	0	1	1	0
T386	0	0	0	0	0	0	0	0	0	0	1	0	0	0	1	1	1	1	0	1	0	1	1	0	1	0	1	0	1	1	0	1	0	0	0	0	1	0	1	0	1	1	0	1	1	1	0	1	0	0	0	0	0	1	0	0	1	1	1	0	1	0	0	1	0	1	1	0
T387	0	1	1	1	1	0	1	1	0	0	1	1	1	0	1	1	1	1	1	1	1	1	1	1	0	0	1	0	1	1	1	1	1	0	0	0	1	1	1	0	1	1	0	1	1	1	0	1	1	0	1	0	0	1	0	1	1	1	1	0	1	0	0	1	0	1	1	0
T388	1	0	0	0	0	1	1	0	0	0	1	0	0	0	0	0	1	0	0	1	1	0	0	0	1	0	1	0	1	1	0	1	0	0	0	0	1	0	1	0	0	1	0	0	1	0	0	1	1	1	0	0	1	1	0	0	1	1	1	0	1	0	1	1	0	0	1	0
T389	0	0	0	0	0	0	0	0	0	0	0	0	0	0	0	0	0	0	0	0	0	0	0	0	0	0	0	0	0	0	0	0	0	0	0	0	0	0	0	0	0	0	0	0	0	0	0	0	0	0	0	0	0	1	0	0	1	1	1	0	1	0	0	0	0	0	0	0
T390	0	0	1	0	1	0	0	0	0	0	1	1	1	0	1	1	1	1	0	1	0	1	1	0	0	0	1	0	1	1	0	1	0	0	1	1	1	0	1	1	1	0	0	1	1	1	0	1	0	0	1	0	0	1	0	0	1	1	1	0	1	1	0	1	1	1	1	0
T391	0	0	1	0	0	1	0	0	0	1	1	0	0	0	1	0	0	1	0	0	0	0	1	0	0	0	0	0	0	1	0	1	0	0	0	0	0	0	0	0	1	0	0	1	0	1	0	1	0	0	0	0	0	1	0	1	1	0	1	0	1	0	0	0	0	1	0	0
T392	1	0	0	0	0	0	1	0	0	0	0	0	0	0	0	0	1	0	0	1	0	0	0	0	0	0	0	0	1	1	0	1	0	0	0	0	1	0	0	0	0	1	0	0	0	0	0	1	1	1	0	0	0	1	0	0	1	1	1	1	1	0	0	1	0	0	1	0
T393	1	0	0	0	0	0	0	0	0	0	0	0	0	0	0	0	0	0	0	1	0	0	0	0	0	0	0	0	1	1	0	1	0	0	0	0	1	0	0	0	0	1	0	0	0	0	0	0	1	0	0	0	0	1	0	0	1	1	0	0	1	0	0	1	0	0	1	0
T394	1	0	0	0	0	0	1	0	0	0	1	0	0	0	0	0	1	0	0	1	0	1	0	0	0	0	0	0	1	1	0	1	0	0	0	0	1	0	0	0	0	1	0	0	0	0	0	1	1	1	0	0	0	1	0	0	1	1	1	1	1	0	0	1	0	0	1	0
T395	0	0	0	0	0	0	1	1	0	0	0	0	0	0	0	0	0	0	0	1	1	0	0	0	0	0	0	0	1	1	0	1	0	0	0	0	1	0	0	0	0	1	0	1	1	1	1	1	0	1	0	0	0	1	0	0	1	1	1	1	1	0	0	1	0	0	1	0
T396	1	0	1	0	0	1	0	1	0	0	1	1	0	0	0	1	0	0	0	0	1	0	1	0	0	0	0	0	1	1	0	1	1	0	0	0	1	0	1	0	0	1	0	0	1	0	0	1	1	0	0	0	0	1	0	1	1	1	1	0	1	0	0	0	0	1	1	0
T397	0	0	1	0	0	1	0	0	0	0	1	1	0	0	1	1	1	1	0	0	0	0	1	0	0	0	0	0	1	1	0	1	0	0	0	0	0	1	1	0	1	0	0	0	1	0	0	1	0	0	0	0	0	1	0	0	1	1	1	0	0	0	0	0	0	1	1	0
T398	0	0	1	0	0	0	0	0	1	1	1	0	1	0	1	0	0	1	0	0	0	1	1	0	1	0	1	0	0	0	0	1	0	0	0	0	0	0	1	0	1	0	0	1	0	1	0	1	0	0	1	0	1	0	0	1	1	0	1	0	1	0	0	0	0	0	0	0
T399	0	0	1	0	0	0	0	0	0	0	1	0	0	0	0	0	0	0	0	1	0	0	0	0	0	0	0	0	0	1	0	1	0	0	0	0	0	0	0	0	0	0	0	0	0	0	0	0	0	1	0	0	0	1	0	0	1	1	1	0	1	0	0	0	0	0	1	0
T400	0	0	1	0	0	0	0	1	0	0	1	0	1	0	0	0	1	1	0	0	0	0	1	0	0	0	0	0	1	1	0	1	0	0	0	0	1	0	1	0	1	0	0	0	0	1	0	1	0	0	0	0	0	0	0	0	1	0	1	0	1	0	0	1	0	0	0	0
T401	1	1	1	0	0	1	0	0	0	1	1	0	1	0	1	0	1	1	1	1	0	0	1	0	0	0	0	0	1	1	0	1	0	0	0	0	1	1	0	0	0	1	0	0	1	0	0	1	0	1	0	0	1	1	0	1	1	1	1	1	1	0	0	1	0	0	1	0
T402	1	0	1	1	0	1	0	0	0	0	1	0	1	0	0	0	1	0	0	0	0	0	1	0	1	0	0	0	1	1	0	1	1	0	0	0	0	0	0	1	1	1	0	0	1	1	0	1	1	1	0	0	1	1	0	1	1	1	1	1	1	0	0	1	0	0	0	0
T403	1	0	1	1	0	1	0	0	0	0	1	0	1	0	0	1	1	1	0	0	0	0	1	0	1	0	0	0	0	0	0	1	0	0	0	0	0	0	0	0	1	1	0	0	1	1	0	1	1	1	0	0	1	0	0	1	1	0	1	0	1	0	0	1	0	0	0	0
T404	1	0	1	1	0	1	0	1	0	0	1	0	1	0	0	1	1	1	0	0	0	0	0	0	1	0	0	0	1	1	0	1	1	0	0	0	0	0	1	1	1	1	0	0	1	1	0	1	1	1	0	0	1	1	0	1	1	1	1	1	1	0	0	1	0	0	0	0
T405	0	0	0	0	0	1	0	0	0	0	1	0	0	0	0	0	1	0	0	1	0	1	1	0	0	0	0	0	1	1	0	1	0	0	0	0	1	0	0	0	0	1	0	0	0	0	0	1	1	1	0	0	0	1	0	0	1	1	1	0	1	0	0	1	0	0	1	0
T406	0	0	0	0	0	0	0	0	0	0	1	0	0	0	1	0	0	1	0	0	0	0	1	0	0	0	0	0	1	0	0	1	0	0	1	0	0	0	0	0	1	0	0	0	0	0	0	1	0	0	0	0	0	0	0	0	1	0	1	0	0	0	0	1	0	0	0	0
T407	0	0	1	0	0	0	1	0	0	0	0	0	0	0	1	0	1	1	0	0	0	0	1	0	0	0	0	0	0	0	0	1	0	0	0	0	0	0	0	0	1	0	0	1	1	0	0	1	0	0	0	0	0	0	0	0	1	0	0	0	1	0	0	1	0	1	0	0
T408	0	0	0	0	0	0	0	0	0	0	0	0	0	0	1	1	1	1	0	0	0	0	0	1	0	0	0	0	1	0	0	1	0	0	0	0	0	0	0	0	1	0	0	0	1	0	0	1	0	0	1	0	0	0	0	0	1	0	1	0	0	0	0	1	0	0	1	0
T409	0	0	1	0	0	1	0	0	0	0	0	0	0	0	1	0	0	1	0	0	0	0	0	0	0	0	0	0	1	0	0	1	0	0	0	0	0	0	0	0	1	0	0	1	1	1	0	1	0	0	1	0	1	0	0	1	0	0	1	0	1	0	0	0	0	0	0	0
T410	0	1	1	0	0	0	1	0	0	1	1	1	1	0	1	1	1	0	1	1	0	1	1	0	0	0	0	0	0	1	0	1	1	0	1	0	1	0	1	1	1	1	0	0	0	1	0	1	0	0	0	0	0	1	0	1	1	1	1	0	1	0	0	1	0	1	1	0
T411	0	0	1	0	0	0	1	0	0	1	1	1	1	0	0	1	1	0	1	0	0	0	1	0	0	0	0	0	0	1	0	1	1	0	1	0	1	0	1	1	1	1	0	0	1	1	0	1	0	0	0	0	0	0	0	1	1	0	1	0	1	0	0	1	0	1	1	0
T412	0	0	0	1	0	0	0	0	0	0	1	0	0	0	0	0	0	0	0	0	1	0	0	0	0	0	0	0	0	1	0	1	0	0	0	0	0	0	0	0	0	0	0	0	0	0	0	1	1	0	0	0	0	1	0	0	1	1	0	0	1	0	0	1	0	0	0	0
T413	0	0	0	0	0	0	0	0	0	0	1	0	0	0	0	0	0	0	0	1	1	0	0	0	0	0	0	0	0	1	0	1	0	0	0	0	0	0	0	0	0	0	0	0	0	0	0	1	0	0	0	0	0	1	0	0	1	1	0	0	1	0	0	0	0	0	0	0
T414	1	1	1	0	0	0	1	0	0	1	1	1	1	0	1	1	0	1	1	1	0	1	1	1	0	0	1	0	1	1	0	1	1	0	0	0	1	0	1	0	1	1	0	1	1	1	0	1	0	0	1	0	0	1	0	1	1	1	1	0	0	0	0	1	0	1	1	0
T415	0	0	1	0	0	0	1	0	0	0	0	0	1	0	0	0	1	0	0	0	1	1	1	0	0	0	0	0	1	1	0	1	0	0	1	0	1	0	0	0	1	0	0	0	1	0	0	1	0	0	0	0	0	1	0	1	1	1	1	0	1	0	1	1	0	0	1	0
T416	0	0	0	0	0	0	1	0	0	0	1	0	0	0	0	0	1	1	0	0	0	0	1	0	0	0	0	0	1	1	0	1	0	0	0	0	1	0	1	0	1	0	0	1	1	0	0	1	0	1	0	0	0	1	0	0	1	1	1	0	1	0	0	1	0	0	1	0
T417	0	0	1	0	0	1	0	0	0	0	1	0	1	0	1	0	1	1	0	0	0	1	1	0	0	0	0	1	0	0	0	1	0	0	0	0	0	1	0	1	1	0	0	0	1	0	0	1	0	0	1	0	0	0	0	1	1	0	1	1	1	0	0	0	0	1	0	0
T418	0	1	1	0	0	0	1	0	0	0	1	0	0	0	0	0	1	0	1	1	0	0	1	0	0	1	0	0	1	1	0	1	1	0	0	0	1	0	0	0	0	1	0	0	1	0	0	1	0	1	0	0	0	1	0	1	1	1	1	0	1	1	0	1	0	0	1	0
T419	0	1	1	0	0	0	0	0	0	0	1	0	0	0	0	0	1	0	1	1	0	0	1	0	0	1	0	0	1	1	0	1	1	0	0	0	1	0	0	1	0	1	0	0	1	0	0	1	0	1	0	0	0	1	0	1	1	1	1	0	1	1	0	1	0	0	1	0
T420	0	1	1	0	0	0	0	0	0	0	1	0	0	0	0	0	1	0	1	1	0	0	1	0	0	1	0	0	1	1	0	1	1	0	0	0	1	0	0	1	1	1	0	0	0	0	0	1	0	1	0	0	0	1	0	1	1	1	0	0	1	1	0	1	0	0	1	0
T421	0	0	0	0	0	0	0	0	0	0	0	0	0	0	0	0	0	0	0	0	0	0	0	0	0	0	0	0	0	0	0	0	0	0	0	0	0	0	0	0	0	0	0	0	0	0	0	0	0	0	0	0	0	0	0	0	0	0	0	1	0	0	0	0	0	0	0	0
T422	0	0	0	0	0	0	0	0	0	0	1	0	0	0	0	0	0	0	0	0	0	0	0	0	0	0	0	0	1	1	0	1	0	0	0	0	1	0	0	0	0	1	0	0	0	0	0	1	0	0	0	0	0	0	0	0	1	1	1	0	1	0	0	0	0	0	1	0
T423	0	0	1	0	0	0	1	1	0	1	0	0	0	0	0	0	0	0	1	0	0	1	1	0	0	0	0	0	1	1	0	1	0	0	0	0	1	0	0	0	0	0	0	0	1	1	1	1	0	1	1	0	0	1	0	1	1	1	1	1	1	0	0	1	0	0	1	0
T424	0	0	0	0	1	0	1	0	0	0	1	0	0	0	1	0	1	1	0	0	0	1	1	0	0	0	1	0	1	1	0	1	0	0	0	0	0	0	1	0	1	0	0	0	1	1	0	1	0	0	1	0	0	0	0	0	1	0	1	0	1	0	0	1	0	1	1	0
T425	0	0	1	0	0	1	1	0	0	0	1	0	1	0	0	0	1	1	0	1	0	0	1	0	0	0	0	0	1	1	0	1	0	0	0	0	1	0	0	0	1	0	0	0	1	1	0	1	0	1	0	0	0	1	0	0	1	1	1	0	1	0	1	1	0	0	1	0
T426	0	0	0	0	0	1	0	0	1	0	1	0	0	0	0	0	1	1	0	1	0	1	0	0	0	0	0	1	1	1	0	1	0	1	0	0	0	0	0	0	0	1	1	0	1	0	1	0	0	1	1	0	0	1	0	0	1	1	1	1	1	0	0	1	0	0	1	0
T427	0	0	0	0	0	0	0	0	0	0	1	0	0	0	1	1	1	0	0	1	0	1	1	0	0	0	0	0	0	0	0	1	0	0	1	0	0	0	0	0	1	1	0	0	0	0	0	1	0	0	0	0	0	1	0	0	1	1	1	0	0	0	0	0	0	1	1	0
T428	1	0	1	0	0	0	0	0	0	0	1	0	0	0	0	0	1	0	0	1	0	0	0	0	1	0	0	0	1	1	0	1	0	0	0	0	0	0	0	0	0	1	0	0	0	0	0	1	0	1	0	0	1	1	0	0	1	1	1	0	1	0	0	0	0	0	1	0
T429	1	0	1	0	0	1	1	0	0	0	1	0	0	0	0	0	1	0	0	1	0	0	0	0	1	0	0	0	1	1	0	1	0	0	0	0	0	0	0	0	0	1	0	0	1	0	0	1	0	1	0	0	0	1	0	0	1	1	1	0	1	0	0	0	0	0	1	0
T430	0	0	1	0	0	0	1	0	0	0	1	0	0	0	1	0	1	1	0	1	0	1	1	0	0	0	0	0	1	1	0	1	0	0	0	0	1	0	0	0	0	0	0	0	1	0	0	1	0	1	0	0	0	1	0	0	1	1	1	0	1	0	1	1	0	1	1	0
T431	0	1	1	0	0	0	1	0	0	1	0	1	1	0	0	1	0	1	1	1	0	1	1	0	0	0	0	0	1	1	0	1	1	0	0	0	1	1	0	0	1	0	0	1	1	1	0	1	0	0	0	0	0	1	0	1	1	1	1	0	1	0	0	1	0	1	1	1
T432	1	0	0	0	0	1	0	0	0	0	1	0	0	0	0	0	0	1	0	0	0	0	0	0	0	0	0	0	0	0	0	0	0	0	0	0	0	0	0	0	0	0	0	0	0	0	0	0	0	1	0	0	0	0	0	0	0	0	0	0	0	0	0	0	0	0	0	0
T433	0	0	0	0	0	0	0	0	0	0	1	0	0	0	0	0	0	1	0	1	0	0	0	0	0	0	0	0	0	1	0	1	0	0	0	0	1	0	1	0	1	0	0	0	0	0	0	1	0	0	0	0	0	1	0	0	1	1	1	0	1	0	0	1	0	0	1	0
T434	0	0	0	0	0	0	0	0	0	0	1	0	0	0	0	0	0	1	0	0	0	0	0	0	0	0	0	0	0	1	0	1	0	0	0	0	0	0	1	0	1	0	0	0	0	0	0	1	0	0	0	0	0	0	0	0	0	0	0	0	1	0	0	1	0	0	0	0
T435	0	0	0	0	0	1	0	0	0	0	1	0	0	0	0	0	0	0	0	0	0	0	0	0	0	0	0	0	0	1	0	1	1	0	0	0	1	0	0	0	1	0	0	0	1	0	0	1	0	0	1	0	0	0	0	0	1	0	1	0	0	0	0	0	0	1	0	0
T436	0	0	0	0	0	0	0	0	0	0	0	1	0	0	0	0	0	0	0	0	0	0	0	0	0	0	0	0	0	0	0	1	1	0	0	0	0	0	1	0	1	0	0	0	1	0	0	0	0	0	1	0	0	0	0	0	1	0	1	0	0	0	0	0	0	0	0	0
T437	0	0	0	0	0	0	0	0	0	0	0	0	0	0	0	0	0	0	0	0	0	0	0	0	0	0	0	0	0	0	0	1	0	0	0	0	0	0	0	0	0	0	0	0	0	0	0	0	0	0	0	0	0	0	0	0	1	0	1	0	0	0	0	0	0	0	0	0
T438	0	0	1	0	0	0	1	0	0	1	1	0	1	0	1	1	1	1	1	1	0	1	1	0	0	0	0	0	1	1	0	1	0	0	1	1	1	1	1	1	1	1	0	1	1	1	0	1	0	0	0	0	0	1	0	0	1	1	1	0	1	0	0	1	1	1	1	0
T439	0	0	1	0	0	0	0	0	0	0	1	0	1	0	0	0	0	1	0	1	0	0	1	0	0	0	0	0	1	1	0	1	0	0	0	0	1	0	1	0	1	0	0	0	0	0	0	1	0	1	0	0	0	1	0	0	1	1	1	0	1	0	0	1	0	0	0	0
T440	1	1	1	0	0	0	1	1	1	1	1	1	1	0	1	1	1	1	0	1	1	1	1	1	1	0	1	0	1	1	0	1	1	0	0	0	1	1	1	0	1	1	1	0	1	1	1	1	1	1	0	1	0	1	0	1	1	1	1	1	1	1	0	1	0	1	1	1
T441	0	0	1	0	0	0	1	0	0	1	1	0	1	0	1	0	0	1	1	0	0	0	1	0	0	0	0	1	0	1	0	1	0	0	0	1	0	1	1	1	1	0	0	1	1	0	0	0	0	0	1	0	0	0	0	1	0	0	0	0	1	0	0	1	0	1	0	1
T442	0	0	0	0	0	0	0	0	0	0	1	0	0	0	0	0	1	0	0	0	0	0	0	0	0	0	0	0	0	1	0	1	0	0	0	0	1	0	0	0	0	0	0	0	0	0	0	1	0	0	0	0	0	0	0	0	1	0	1	0	1	0	0	0	0	0	1	0
